6
[7402.5, 4477.5, 4128.75, 3622.5, 2317.5, 1676.25, 911.25, 810.0, 720.0, 663.75, 618.75, 562.5, 360.0, 191.25, 180.0]
Old maximum Sim:  7402.5
New maximum sim:  911.25
[911.25, 810.0, 720.0, 663.75, 618.75, 562.5, 360.0, 191.25, 180.0, 146.25, 135.0, 123.75, 112.5, 101.25, 90.0]
2 0.0 1.0955112454979754 0.017032236877532296 0.08947425608625942
6
[7402.5, 4477.5, 4128.75, 3622.5, 2317.5, 1676.25, 911.25, 810.0, 720.0, 663.75, 618.75, 562.5, 360.0, 191.25, 180.0]
Old maximum Sim:  7402.5
New maximum sim:  911.25
[911.25, 810.0, 720.0, 663.75, 618.75, 562.5, 360.0, 191.25, 180.0, 146.25, 135.0, 123.75, 112.5, 101.25, 90.0]
3 0.0 1.0968640506317289 0.01693196020710852 0.08948715764727543
6
[7402.5, 4477.5, 4128.75, 3622.5, 2317.5, 1676.25, 911.25, 810.0, 720.0, 663.75, 618.75, 562.5, 360.0, 191.25, 180.0]
Old maximum Sim:  7402.5
New maximum sim:  911.25
[911.25, 810.0, 720.0, 663.75, 618.75, 562.5, 360.0, 191.25, 180.0, 146.25, 135.0, 123.75, 112.5, 101.25, 90.0]
4 0.0 1.095804360806253 0.01700914527937512 0.08948145605955286
6
[7402.5, 4477.5, 4128.75, 3622.5, 2317.5, 1676.25, 911.25, 810.0, 720.0, 663.75, 618.75, 562.5, 360.0, 191.25, 180.0]
Old maximum Sim:  7402.5
New maximum sim:  911.25
[911.25, 810.0, 720.0, 663.75, 618.75, 562.5, 360.0, 191.25, 180.0, 146.25, 135.0, 123.75, 112.5, 101.25, 90.0]
5 0.0 1.095084448078838 0.017068789448248353 0.08946151145181767
6
[7402.5, 4477.5, 4128.75, 3622.5, 2317.5, 1676.25, 911.25, 810.0, 720.0, 663.75, 618.75, 562.5, 360.0, 191.25, 180.0]
Old maximum Sim:  7402.5
New maximum sim:  911.25
[911.25, 810.0, 720.0, 663.75, 618.75, 562.5, 360.0, 191.25, 180.0, 146.25, 135.0, 123.75, 112.5, 101.25, 90.0]
6 0.0 1.0956440191815289 0.016936940074067333 0.08949496982806517
6
[7402.5, 4477.5, 4128.75, 3622.5, 2317.5, 1676.25, 911.25, 810.0, 720.0, 663.75, 618.75, 562.5, 360.0, 191.25, 180.0]
Old maximum Sim:  7402.5
New maximum sim:  911.25
[911.25, 810.0, 720.0, 663.75, 618.75, 562.5, 360.0, 191.25, 180.0, 146.25, 135.0, 123.75, 112.5, 101.25, 90.0]
7 0.0 1.0941455640663647 0.01695594555111433 0.08948647805753598
6
[7402.5, 4477.5, 4128.75, 3622.5, 2317.5, 1676.25, 911.25, 810.0, 720.0, 663.75, 618.75, 562.5, 360.0, 191.25, 180.0]
Old maximum Sim:  7402.5
New maximum sim:  911.25
[911.25, 810.0, 720.0, 663.75, 618.75, 562.5, 360.0, 191.25, 180.0, 146.25, 135.0, 123.75, 112.5, 101.25, 90.0]
8 0.0 1.0944946201966517 0.01693933753084591 0.08949539821910409
6
[7402.5, 4477.5, 4128.75, 3622.5, 2317.5, 1676.25, 911.25, 810.0, 720.0, 663.75, 618.75, 562.5, 360.0, 191.25, 180.0]
Old maximum Sim:  7402.5
New maximum sim:  911.25
[911.25, 810.0, 720.0, 663.75, 618.75, 562.5, 360.0, 191.25, 180.0, 146.25, 135.0, 123.75, 112.5, 101.25, 90.0]
9 0.0 1.096602828314586 0.016976224185626367 0.08947578213250147
6
[7402.5, 4477.5, 4128.75, 3622.5, 2317.5, 1676.25, 911.25, 810.0, 720.0, 663.75, 618.75, 562.5, 360.0, 191.25, 180.0]
Old maximum Sim:  7402.5
New maximum sim:  911.25
[911.25, 810.0, 720.0, 663.75, 618.75, 562.5, 360.0, 191.25, 180.0, 146.25, 135.0, 123.75, 112.5, 101.25, 90.0]
10 0.0 1.096681905761582 0.017208967932903177 0.08942607356291828
6
[7402.5, 4477.5, 4128.75, 3622.5, 2317.5, 1676.25, 911.25, 810.0, 720.0, 663.75, 618.75, 562.5, 360.0, 191.25, 180.0]
Old maximum Sim:  7402.5
New maximum sim:  911.25
[911.25, 810.0, 720.0, 663.75, 618.75, 562.5, 360.0, 191.25, 180.0, 146.25, 135.0, 123.75, 112.5, 101.25, 90.0]
11 0.0 1.0957857025082496 0.01702387194834421 0.08948162375597445
