6
[7402.5, 4477.5, 4128.75, 3622.5, 2317.5, 1676.25, 911.25, 810.0, 720.0, 663.75, 618.75, 562.5, 360.0, 191.25, 180.0]
Old maximum Sim:  7402.5
New maximum sim:  911.25
[911.25, 810.0, 720.0, 663.75, 618.75, 562.5, 360.0, 191.25, 180.0, 146.25, 135.0, 123.75, 112.5, 101.25, 90.0]
2 0.0 0.4402908773418439 0.008534981429657177 0.04049074607041174
6
[7402.5, 4477.5, 4128.75, 3622.5, 2317.5, 1676.25, 911.25, 810.0, 720.0, 663.75, 618.75, 562.5, 360.0, 191.25, 180.0]
Old maximum Sim:  7402.5
New maximum sim:  911.25
[911.25, 810.0, 720.0, 663.75, 618.75, 562.5, 360.0, 191.25, 180.0, 146.25, 135.0, 123.75, 112.5, 101.25, 90.0]
3 0.0 0.4467720016114332 0.008490415825116582 0.04028989656395589
6
[7402.5, 4477.5, 4128.75, 3622.5, 2317.5, 1676.25, 911.25, 810.0, 720.0, 663.75, 618.75, 562.5, 360.0, 191.25, 180.0]
Old maximum Sim:  7402.5
New maximum sim:  911.25
[911.25, 810.0, 720.0, 663.75, 618.75, 562.5, 360.0, 191.25, 180.0, 146.25, 135.0, 123.75, 112.5, 101.25, 90.0]
4 0.0 0.4245359005771372 0.008539388535704054 0.04018715311182479
6
[7402.5, 4477.5, 4128.75, 3622.5, 2317.5, 1676.25, 911.25, 810.0, 720.0, 663.75, 618.75, 562.5, 360.0, 191.25, 180.0]
Old maximum Sim:  7402.5
New maximum sim:  911.25
[911.25, 810.0, 720.0, 663.75, 618.75, 562.5, 360.0, 191.25, 180.0, 146.25, 135.0, 123.75, 112.5, 101.25, 90.0]
5 0.0 0.44139066127281845 0.008550798730133716 0.04032825449592856
6
[7402.5, 4477.5, 4128.75, 3622.5, 2317.5, 1676.25, 911.25, 810.0, 720.0, 663.75, 618.75, 562.5, 360.0, 191.25, 180.0]
Old maximum Sim:  7402.5
New maximum sim:  911.25
[911.25, 810.0, 720.0, 663.75, 618.75, 562.5, 360.0, 191.25, 180.0, 146.25, 135.0, 123.75, 112.5, 101.25, 90.0]
6 0.0 0.4435836135107028 0.008508100202979102 0.0404678093224147
6
[7402.5, 4477.5, 4128.75, 3622.5, 2317.5, 1676.25, 911.25, 810.0, 720.0, 663.75, 618.75, 562.5, 360.0, 191.25, 180.0]
Old maximum Sim:  7402.5
New maximum sim:  911.25
[911.25, 810.0, 720.0, 663.75, 618.75, 562.5, 360.0, 191.25, 180.0, 146.25, 135.0, 123.75, 112.5, 101.25, 90.0]
7 0.0 0.448699525673829 0.008506373246436631 0.04039720058228318
6
[7402.5, 4477.5, 4128.75, 3622.5, 2317.5, 1676.25, 911.25, 810.0, 720.0, 663.75, 618.75, 562.5, 360.0, 191.25, 180.0]
Old maximum Sim:  7402.5
New maximum sim:  911.25
[911.25, 810.0, 720.0, 663.75, 618.75, 562.5, 360.0, 191.25, 180.0, 146.25, 135.0, 123.75, 112.5, 101.25, 90.0]
8 0.0 0.4469629903700755 0.008567338597200855 0.04074193288995583
6
[7402.5, 4477.5, 4128.75, 3622.5, 2317.5, 1676.25, 911.25, 810.0, 720.0, 663.75, 618.75, 562.5, 360.0, 191.25, 180.0]
Old maximum Sim:  7402.5
New maximum sim:  911.25
[911.25, 810.0, 720.0, 663.75, 618.75, 562.5, 360.0, 191.25, 180.0, 146.25, 135.0, 123.75, 112.5, 101.25, 90.0]
9 0.0 0.4460299654631003 0.008486227933649408 0.04019960183849033
6
[7402.5, 4477.5, 4128.75, 3622.5, 2317.5, 1676.25, 911.25, 810.0, 720.0, 663.75, 618.75, 562.5, 360.0, 191.25, 180.0]
Old maximum Sim:  7402.5
New maximum sim:  911.25
[911.25, 810.0, 720.0, 663.75, 618.75, 562.5, 360.0, 191.25, 180.0, 146.25, 135.0, 123.75, 112.5, 101.25, 90.0]
10 0.0 0.44308059385525683 0.008488474789647534 0.04031342462778425
6
[7402.5, 4477.5, 4128.75, 3622.5, 2317.5, 1676.25, 911.25, 810.0, 720.0, 663.75, 618.75, 562.5, 360.0, 191.25, 180.0]
Old maximum Sim:  7402.5
New maximum sim:  911.25
[911.25, 810.0, 720.0, 663.75, 618.75, 562.5, 360.0, 191.25, 180.0, 146.25, 135.0, 123.75, 112.5, 101.25, 90.0]
11 0.0 0.4418565080576178 0.008506567611426387 0.04038938312850412
