6
[7402.5, 4477.5, 4128.75, 3622.5, 2317.5, 1676.25, 911.25, 810.0, 720.0, 663.75, 618.75, 562.5, 360.0, 191.25, 180.0]
Old maximum Sim:  7402.5
New maximum sim:  911.25
[911.25, 810.0, 720.0, 663.75, 618.75, 562.5, 360.0, 191.25, 180.0, 146.25, 135.0, 123.75, 112.5, 101.25, 90.0]
2 0.0 0.12306935485373045 0.0014731907253165714 0.007045396776859386
6
[7402.5, 4477.5, 4128.75, 3622.5, 2317.5, 1676.25, 911.25, 810.0, 720.0, 663.75, 618.75, 562.5, 360.0, 191.25, 180.0]
Old maximum Sim:  7402.5
New maximum sim:  911.25
[911.25, 810.0, 720.0, 663.75, 618.75, 562.5, 360.0, 191.25, 180.0, 146.25, 135.0, 123.75, 112.5, 101.25, 90.0]
3 0.0 0.12093797125238312 0.0014714078225188194 0.006926945975514759
6
[7402.5, 4477.5, 4128.75, 3622.5, 2317.5, 1676.25, 911.25, 810.0, 720.0, 663.75, 618.75, 562.5, 360.0, 191.25, 180.0]
Old maximum Sim:  7402.5
New maximum sim:  911.25
[911.25, 810.0, 720.0, 663.75, 618.75, 562.5, 360.0, 191.25, 180.0, 146.25, 135.0, 123.75, 112.5, 101.25, 90.0]
4 0.0 0.1164206577706357 0.0014777019037452467 0.006792916158917693
6
[7402.5, 4477.5, 4128.75, 3622.5, 2317.5, 1676.25, 911.25, 810.0, 720.0, 663.75, 618.75, 562.5, 360.0, 191.25, 180.0]
Old maximum Sim:  7402.5
New maximum sim:  911.25
[911.25, 810.0, 720.0, 663.75, 618.75, 562.5, 360.0, 191.25, 180.0, 146.25, 135.0, 123.75, 112.5, 101.25, 90.0]
5 0.0 0.12121041033302359 0.001476014396534863 0.006773544294963785
6
[7402.5, 4477.5, 4128.75, 3622.5, 2317.5, 1676.25, 911.25, 810.0, 720.0, 663.75, 618.75, 562.5, 360.0, 191.25, 180.0]
Old maximum Sim:  7402.5
New maximum sim:  911.25
[911.25, 810.0, 720.0, 663.75, 618.75, 562.5, 360.0, 191.25, 180.0, 146.25, 135.0, 123.75, 112.5, 101.25, 90.0]
6 0.0 0.09858776465343826 0.001460457820775949 0.0064343728012497435
6
[7402.5, 4477.5, 4128.75, 3622.5, 2317.5, 1676.25, 911.25, 810.0, 720.0, 663.75, 618.75, 562.5, 360.0, 191.25, 180.0]
Old maximum Sim:  7402.5
New maximum sim:  911.25
[911.25, 810.0, 720.0, 663.75, 618.75, 562.5, 360.0, 191.25, 180.0, 146.25, 135.0, 123.75, 112.5, 101.25, 90.0]
7 0.0 0.12306105893886049 0.001462386839373732 0.0069155168981886615
6
[7402.5, 4477.5, 4128.75, 3622.5, 2317.5, 1676.25, 911.25, 810.0, 720.0, 663.75, 618.75, 562.5, 360.0, 191.25, 180.0]
Old maximum Sim:  7402.5
New maximum sim:  911.25
[911.25, 810.0, 720.0, 663.75, 618.75, 562.5, 360.0, 191.25, 180.0, 146.25, 135.0, 123.75, 112.5, 101.25, 90.0]
8 0.0 0.12245113302680644 0.0014755404321764927 0.00698348131219995
6
[7402.5, 4477.5, 4128.75, 3622.5, 2317.5, 1676.25, 911.25, 810.0, 720.0, 663.75, 618.75, 562.5, 360.0, 191.25, 180.0]
Old maximum Sim:  7402.5
New maximum sim:  911.25
[911.25, 810.0, 720.0, 663.75, 618.75, 562.5, 360.0, 191.25, 180.0, 146.25, 135.0, 123.75, 112.5, 101.25, 90.0]
9 0.0 0.1256052090669798 0.0014640050420401366 0.006985555729485199
6
[7402.5, 4477.5, 4128.75, 3622.5, 2317.5, 1676.25, 911.25, 810.0, 720.0, 663.75, 618.75, 562.5, 360.0, 191.25, 180.0]
Old maximum Sim:  7402.5
New maximum sim:  911.25
[911.25, 810.0, 720.0, 663.75, 618.75, 562.5, 360.0, 191.25, 180.0, 146.25, 135.0, 123.75, 112.5, 101.25, 90.0]
10 0.0 0.13620609480524826 0.0014719097551970845 0.007717151930203146
6
[7402.5, 4477.5, 4128.75, 3622.5, 2317.5, 1676.25, 911.25, 810.0, 720.0, 663.75, 618.75, 562.5, 360.0, 191.25, 180.0]
Old maximum Sim:  7402.5
New maximum sim:  911.25
[911.25, 810.0, 720.0, 663.75, 618.75, 562.5, 360.0, 191.25, 180.0, 146.25, 135.0, 123.75, 112.5, 101.25, 90.0]
11 0.0 0.12374387084559245 0.0014727100526857185 0.007030609626042829
