2 0.0 1.0903053253752555 0.010186611612259241 0.07100110903295519
3 0.0 1.0910736087673005 0.010167616244190799 0.07100397934089225
4 0.0 1.0912375763761355 0.010212733097462562 0.0710056486766209
5 0.0 1.0909094092297176 0.01016991797912591 0.07100443350392979
6 0.0 1.0907539258121852 0.010216651308335793 0.07099999979144364
7 0.0 1.0904313173648497 0.010229425521855408 0.0709988535885613
8 0.0 1.09272554091768 0.010256778204500008 0.07100018706836919
9 0.0 1.090701421529536 0.01023399576215145 0.07100027235146124
10 0.0 1.0901184670945883 0.010138623402327908 0.07101272237356873
11 0.0 1.0904931661752082 0.01020134610495876 0.07100094466293046
