6
[7402.5, 4477.5, 4128.75, 3622.5, 2317.5, 1676.25, 911.25, 810.0, 720.0, 663.75, 618.75, 562.5, 360.0, 191.25, 180.0]
Old maximum Sim:  7402.5
New maximum sim:  911.25
[911.25, 810.0, 720.0, 663.75, 618.75, 562.5, 360.0, 191.25, 180.0, 146.25, 135.0, 123.75, 112.5, 101.25, 90.0]
2 0.0 0.629935751980478 0.008434897158219106 0.04143388570987949
6
[7402.5, 4477.5, 4128.75, 3622.5, 2317.5, 1676.25, 911.25, 810.0, 720.0, 663.75, 618.75, 562.5, 360.0, 191.25, 180.0]
Old maximum Sim:  7402.5
New maximum sim:  911.25
[911.25, 810.0, 720.0, 663.75, 618.75, 562.5, 360.0, 191.25, 180.0, 146.25, 135.0, 123.75, 112.5, 101.25, 90.0]
3 0.0 0.6316214899906983 0.008421671695882616 0.04145243966945747
6
[7402.5, 4477.5, 4128.75, 3622.5, 2317.5, 1676.25, 911.25, 810.0, 720.0, 663.75, 618.75, 562.5, 360.0, 191.25, 180.0]
Old maximum Sim:  7402.5
New maximum sim:  911.25
[911.25, 810.0, 720.0, 663.75, 618.75, 562.5, 360.0, 191.25, 180.0, 146.25, 135.0, 123.75, 112.5, 101.25, 90.0]
4 0.0 0.6325386161745397 0.008466651007053908 0.04158867432592789
6
[7402.5, 4477.5, 4128.75, 3622.5, 2317.5, 1676.25, 911.25, 810.0, 720.0, 663.75, 618.75, 562.5, 360.0, 191.25, 180.0]
Old maximum Sim:  7402.5
New maximum sim:  911.25
[911.25, 810.0, 720.0, 663.75, 618.75, 562.5, 360.0, 191.25, 180.0, 146.25, 135.0, 123.75, 112.5, 101.25, 90.0]
5 0.0 0.6294430868609213 0.008596413634151492 0.041713335171512676
6
[7402.5, 4477.5, 4128.75, 3622.5, 2317.5, 1676.25, 911.25, 810.0, 720.0, 663.75, 618.75, 562.5, 360.0, 191.25, 180.0]
Old maximum Sim:  7402.5
New maximum sim:  911.25
[911.25, 810.0, 720.0, 663.75, 618.75, 562.5, 360.0, 191.25, 180.0, 146.25, 135.0, 123.75, 112.5, 101.25, 90.0]
6 0.0 0.6329883095616763 0.008452219096318943 0.041464561886559524
6
[7402.5, 4477.5, 4128.75, 3622.5, 2317.5, 1676.25, 911.25, 810.0, 720.0, 663.75, 618.75, 562.5, 360.0, 191.25, 180.0]
Old maximum Sim:  7402.5
New maximum sim:  911.25
[911.25, 810.0, 720.0, 663.75, 618.75, 562.5, 360.0, 191.25, 180.0, 146.25, 135.0, 123.75, 112.5, 101.25, 90.0]
7 0.0 0.6331045852902897 0.00838804768615544 0.041280256014897605
6
[7402.5, 4477.5, 4128.75, 3622.5, 2317.5, 1676.25, 911.25, 810.0, 720.0, 663.75, 618.75, 562.5, 360.0, 191.25, 180.0]
Old maximum Sim:  7402.5
New maximum sim:  911.25
[911.25, 810.0, 720.0, 663.75, 618.75, 562.5, 360.0, 191.25, 180.0, 146.25, 135.0, 123.75, 112.5, 101.25, 90.0]
8 0.0 0.6315856541654549 0.008336155892821884 0.04121973769044265
6
[7402.5, 4477.5, 4128.75, 3622.5, 2317.5, 1676.25, 911.25, 810.0, 720.0, 663.75, 618.75, 562.5, 360.0, 191.25, 180.0]
Old maximum Sim:  7402.5
New maximum sim:  911.25
[911.25, 810.0, 720.0, 663.75, 618.75, 562.5, 360.0, 191.25, 180.0, 146.25, 135.0, 123.75, 112.5, 101.25, 90.0]
9 0.0 0.6439579225019029 0.00859096692675113 0.04213310185193997
6
[7402.5, 4477.5, 4128.75, 3622.5, 2317.5, 1676.25, 911.25, 810.0, 720.0, 663.75, 618.75, 562.5, 360.0, 191.25, 180.0]
Old maximum Sim:  7402.5
New maximum sim:  911.25
[911.25, 810.0, 720.0, 663.75, 618.75, 562.5, 360.0, 191.25, 180.0, 146.25, 135.0, 123.75, 112.5, 101.25, 90.0]
10 0.0 0.6555651044574645 0.008537867178581652 0.042461389579705106
6
[7402.5, 4477.5, 4128.75, 3622.5, 2317.5, 1676.25, 911.25, 810.0, 720.0, 663.75, 618.75, 562.5, 360.0, 191.25, 180.0]
Old maximum Sim:  7402.5
New maximum sim:  911.25
[911.25, 810.0, 720.0, 663.75, 618.75, 562.5, 360.0, 191.25, 180.0, 146.25, 135.0, 123.75, 112.5, 101.25, 90.0]
11 0.0 0.6401367319370862 0.008355520196983825 0.04124203024512113
