6
[7402.5, 4477.5, 4128.75, 3622.5, 2317.5, 1676.25, 911.25, 810.0, 720.0, 663.75, 618.75, 562.5, 360.0, 191.25, 180.0]
Old maximum Sim:  7402.5
New maximum sim:  911.25
[911.25, 810.0, 720.0, 663.75, 618.75, 562.5, 360.0, 191.25, 180.0, 146.25, 135.0, 123.75, 112.5, 101.25, 90.0]
2 0.0 1.1710731489273865 0.02792080564250086 0.1302503011664763
6
[7402.5, 4477.5, 4128.75, 3622.5, 2317.5, 1676.25, 911.25, 810.0, 720.0, 663.75, 618.75, 562.5, 360.0, 191.25, 180.0]
Old maximum Sim:  7402.5
New maximum sim:  911.25
[911.25, 810.0, 720.0, 663.75, 618.75, 562.5, 360.0, 191.25, 180.0, 146.25, 135.0, 123.75, 112.5, 101.25, 90.0]
3 0.0 1.1663754394222816 0.02800304998018708 0.13023129323659627
6
[7402.5, 4477.5, 4128.75, 3622.5, 2317.5, 1676.25, 911.25, 810.0, 720.0, 663.75, 618.75, 562.5, 360.0, 191.25, 180.0]
Old maximum Sim:  7402.5
New maximum sim:  911.25
[911.25, 810.0, 720.0, 663.75, 618.75, 562.5, 360.0, 191.25, 180.0, 146.25, 135.0, 123.75, 112.5, 101.25, 90.0]
4 0.0 1.1668743800918757 0.02796159598282023 0.1302388456802584
6
[7402.5, 4477.5, 4128.75, 3622.5, 2317.5, 1676.25, 911.25, 810.0, 720.0, 663.75, 618.75, 562.5, 360.0, 191.25, 180.0]
Old maximum Sim:  7402.5
New maximum sim:  911.25
[911.25, 810.0, 720.0, 663.75, 618.75, 562.5, 360.0, 191.25, 180.0, 146.25, 135.0, 123.75, 112.5, 101.25, 90.0]
5 0.0 1.1751751530998022 0.0278046315979527 0.1302724992547225
6
[7402.5, 4477.5, 4128.75, 3622.5, 2317.5, 1676.25, 911.25, 810.0, 720.0, 663.75, 618.75, 562.5, 360.0, 191.25, 180.0]
Old maximum Sim:  7402.5
New maximum sim:  911.25
[911.25, 810.0, 720.0, 663.75, 618.75, 562.5, 360.0, 191.25, 180.0, 146.25, 135.0, 123.75, 112.5, 101.25, 90.0]
6 0.0 1.1703732639640954 0.027756484579757254 0.13028634773979075
6
[7402.5, 4477.5, 4128.75, 3622.5, 2317.5, 1676.25, 911.25, 810.0, 720.0, 663.75, 618.75, 562.5, 360.0, 191.25, 180.0]
Old maximum Sim:  7402.5
New maximum sim:  911.25
[911.25, 810.0, 720.0, 663.75, 618.75, 562.5, 360.0, 191.25, 180.0, 146.25, 135.0, 123.75, 112.5, 101.25, 90.0]
7 0.0 1.169469734010264 0.027773660232669695 0.13028025340170324
6
[7402.5, 4477.5, 4128.75, 3622.5, 2317.5, 1676.25, 911.25, 810.0, 720.0, 663.75, 618.75, 562.5, 360.0, 191.25, 180.0]
Old maximum Sim:  7402.5
New maximum sim:  911.25
[911.25, 810.0, 720.0, 663.75, 618.75, 562.5, 360.0, 191.25, 180.0, 146.25, 135.0, 123.75, 112.5, 101.25, 90.0]
8 0.0 1.1698477843212338 0.02785366409914685 0.1302647756848924
6
[7402.5, 4477.5, 4128.75, 3622.5, 2317.5, 1676.25, 911.25, 810.0, 720.0, 663.75, 618.75, 562.5, 360.0, 191.25, 180.0]
Old maximum Sim:  7402.5
New maximum sim:  911.25
[911.25, 810.0, 720.0, 663.75, 618.75, 562.5, 360.0, 191.25, 180.0, 146.25, 135.0, 123.75, 112.5, 101.25, 90.0]
9 0.0 1.1786045573661579 0.027771310826875627 0.13028291787582985
6
[7402.5, 4477.5, 4128.75, 3622.5, 2317.5, 1676.25, 911.25, 810.0, 720.0, 663.75, 618.75, 562.5, 360.0, 191.25, 180.0]
Old maximum Sim:  7402.5
New maximum sim:  911.25
[911.25, 810.0, 720.0, 663.75, 618.75, 562.5, 360.0, 191.25, 180.0, 146.25, 135.0, 123.75, 112.5, 101.25, 90.0]
10 0.0 1.168481286256681 0.02778709604424894 0.1302787449055753
6
[7402.5, 4477.5, 4128.75, 3622.5, 2317.5, 1676.25, 911.25, 810.0, 720.0, 663.75, 618.75, 562.5, 360.0, 191.25, 180.0]
Old maximum Sim:  7402.5
New maximum sim:  911.25
[911.25, 810.0, 720.0, 663.75, 618.75, 562.5, 360.0, 191.25, 180.0, 146.25, 135.0, 123.75, 112.5, 101.25, 90.0]
11 0.0 1.1865050662542065 0.028106282744175103 0.13021153025441473
