[4084.0, 4036.0, 3998.0, 3972.0, 3970.0, 3966.0, 3964.0, 3962.0, 3960.0, 3958.0, 3956.0, 3954.0, 3952.0, 3950.0, 3948.0, 405.0, 369.0, 324.0]
Old maximum Sim:  4084.0
New maximum sim:  405.0
[405.0, 369.0, 324.0, 206.0, 163.0, 81.0, 77.0, 72.0, 59.0, 55.0, 50.0, 46.0, 43.0, 42.0, 41.0, 34.0, 33.0, 32.0]
2 0.0 0.9997622130591403 0.00999196606714843 0.08525913870791955
[4084.0, 4036.0, 3998.0, 3972.0, 3970.0, 3966.0, 3964.0, 3962.0, 3960.0, 3958.0, 3956.0, 3954.0, 3952.0, 3950.0, 3948.0, 405.0, 369.0, 324.0]
Old maximum Sim:  4084.0
New maximum sim:  405.0
[405.0, 369.0, 324.0, 206.0, 163.0, 81.0, 77.0, 72.0, 59.0, 55.0, 50.0, 46.0, 43.0, 42.0, 41.0, 34.0, 33.0, 32.0]
3 0.0 0.9997618859763486 0.009983759489536207 0.08525749386955549
[4084.0, 4036.0, 3998.0, 3972.0, 3970.0, 3966.0, 3964.0, 3962.0, 3960.0, 3958.0, 3956.0, 3954.0, 3952.0, 3950.0, 3948.0, 405.0, 369.0, 324.0]
Old maximum Sim:  4084.0
New maximum sim:  405.0
[405.0, 369.0, 324.0, 206.0, 163.0, 81.0, 77.0, 72.0, 59.0, 55.0, 50.0, 46.0, 43.0, 42.0, 41.0, 34.0, 33.0, 32.0]
4 0.0 0.9997598323022523 0.009986816453453402 0.08525212384492457
[4084.0, 4036.0, 3998.0, 3972.0, 3970.0, 3966.0, 3964.0, 3962.0, 3960.0, 3958.0, 3956.0, 3954.0, 3952.0, 3950.0, 3948.0, 405.0, 369.0, 324.0]
Old maximum Sim:  4084.0
New maximum sim:  405.0
[405.0, 369.0, 324.0, 206.0, 163.0, 81.0, 77.0, 72.0, 59.0, 55.0, 50.0, 46.0, 43.0, 42.0, 41.0, 34.0, 33.0, 32.0]
5 0.0 0.9997608030976856 0.009979962172479151 0.08525641175345677
[4084.0, 4036.0, 3998.0, 3972.0, 3970.0, 3966.0, 3964.0, 3962.0, 3960.0, 3958.0, 3956.0, 3954.0, 3952.0, 3950.0, 3948.0, 405.0, 369.0, 324.0]
Old maximum Sim:  4084.0
New maximum sim:  405.0
[405.0, 369.0, 324.0, 206.0, 163.0, 81.0, 77.0, 72.0, 59.0, 55.0, 50.0, 46.0, 43.0, 42.0, 41.0, 34.0, 33.0, 32.0]
6 0.0 0.9997605583278457 0.009976056576743988 0.08525729457296717
[4084.0, 4036.0, 3998.0, 3972.0, 3970.0, 3966.0, 3964.0, 3962.0, 3960.0, 3958.0, 3956.0, 3954.0, 3952.0, 3950.0, 3948.0, 405.0, 369.0, 324.0]
Old maximum Sim:  4084.0
New maximum sim:  405.0
[405.0, 369.0, 324.0, 206.0, 163.0, 81.0, 77.0, 72.0, 59.0, 55.0, 50.0, 46.0, 43.0, 42.0, 41.0, 34.0, 33.0, 32.0]
7 0.0 0.999761896407386 0.009978668474365847 0.08525745685514968
[4084.0, 4036.0, 3998.0, 3972.0, 3970.0, 3966.0, 3964.0, 3962.0, 3960.0, 3958.0, 3956.0, 3954.0, 3952.0, 3950.0, 3948.0, 405.0, 369.0, 324.0]
Old maximum Sim:  4084.0
New maximum sim:  405.0
[405.0, 369.0, 324.0, 206.0, 163.0, 81.0, 77.0, 72.0, 59.0, 55.0, 50.0, 46.0, 43.0, 42.0, 41.0, 34.0, 33.0, 32.0]
8 0.0 0.9997623066608256 0.009981416181455186 0.08525638686725903
[4084.0, 4036.0, 3998.0, 3972.0, 3970.0, 3966.0, 3964.0, 3962.0, 3960.0, 3958.0, 3956.0, 3954.0, 3952.0, 3950.0, 3948.0, 405.0, 369.0, 324.0]
Old maximum Sim:  4084.0
New maximum sim:  405.0
[405.0, 369.0, 324.0, 206.0, 163.0, 81.0, 77.0, 72.0, 59.0, 55.0, 50.0, 46.0, 43.0, 42.0, 41.0, 34.0, 33.0, 32.0]
9 0.0 0.9997595377978662 0.009985126998362365 0.08525827313677019
[4084.0, 4036.0, 3998.0, 3972.0, 3970.0, 3966.0, 3964.0, 3962.0, 3960.0, 3958.0, 3956.0, 3954.0, 3952.0, 3950.0, 3948.0, 405.0, 369.0, 324.0]
Old maximum Sim:  4084.0
New maximum sim:  405.0
[405.0, 369.0, 324.0, 206.0, 163.0, 81.0, 77.0, 72.0, 59.0, 55.0, 50.0, 46.0, 43.0, 42.0, 41.0, 34.0, 33.0, 32.0]
10 0.0 0.9997615643359752 0.00998956635849322 0.08525946196858422
[4084.0, 4036.0, 3998.0, 3972.0, 3970.0, 3966.0, 3964.0, 3962.0, 3960.0, 3958.0, 3956.0, 3954.0, 3952.0, 3950.0, 3948.0, 405.0, 369.0, 324.0]
Old maximum Sim:  4084.0
New maximum sim:  405.0
[405.0, 369.0, 324.0, 206.0, 163.0, 81.0, 77.0, 72.0, 59.0, 55.0, 50.0, 46.0, 43.0, 42.0, 41.0, 34.0, 33.0, 32.0]
11 0.0 0.9997621469661896 0.009975685391310708 0.08525629015821616
