[4084.0, 4036.0, 3998.0, 3972.0, 3970.0, 3966.0, 3964.0, 3962.0, 3960.0, 3958.0, 3956.0, 3954.0, 3952.0, 3950.0, 3948.0, 405.0, 369.0, 324.0]
Old maximum Sim:  4084.0
New maximum sim:  405.0
[405.0, 369.0, 324.0, 206.0, 163.0, 81.0, 77.0, 72.0, 59.0, 55.0, 50.0, 46.0, 43.0, 42.0, 41.0, 34.0, 33.0, 32.0]
2 0.0 0.9711317950714468 0.004867798876308243 0.05128953116465014
[4084.0, 4036.0, 3998.0, 3972.0, 3970.0, 3966.0, 3964.0, 3962.0, 3960.0, 3958.0, 3956.0, 3954.0, 3952.0, 3950.0, 3948.0, 405.0, 369.0, 324.0]
Old maximum Sim:  4084.0
New maximum sim:  405.0
[405.0, 369.0, 324.0, 206.0, 163.0, 81.0, 77.0, 72.0, 59.0, 55.0, 50.0, 46.0, 43.0, 42.0, 41.0, 34.0, 33.0, 32.0]
3 0.0 0.9712043630532335 0.004865078647074828 0.051291024851472376
[4084.0, 4036.0, 3998.0, 3972.0, 3970.0, 3966.0, 3964.0, 3962.0, 3960.0, 3958.0, 3956.0, 3954.0, 3952.0, 3950.0, 3948.0, 405.0, 369.0, 324.0]
Old maximum Sim:  4084.0
New maximum sim:  405.0
[405.0, 369.0, 324.0, 206.0, 163.0, 81.0, 77.0, 72.0, 59.0, 55.0, 50.0, 46.0, 43.0, 42.0, 41.0, 34.0, 33.0, 32.0]
4 0.0 0.9712064171219157 0.004861740446561991 0.05129078360569831
[4084.0, 4036.0, 3998.0, 3972.0, 3970.0, 3966.0, 3964.0, 3962.0, 3960.0, 3958.0, 3956.0, 3954.0, 3952.0, 3950.0, 3948.0, 405.0, 369.0, 324.0]
Old maximum Sim:  4084.0
New maximum sim:  405.0
[405.0, 369.0, 324.0, 206.0, 163.0, 81.0, 77.0, 72.0, 59.0, 55.0, 50.0, 46.0, 43.0, 42.0, 41.0, 34.0, 33.0, 32.0]
5 0.0 0.9712060482098196 0.004861449991635003 0.05129201411908875
[4084.0, 4036.0, 3998.0, 3972.0, 3970.0, 3966.0, 3964.0, 3962.0, 3960.0, 3958.0, 3956.0, 3954.0, 3952.0, 3950.0, 3948.0, 405.0, 369.0, 324.0]
Old maximum Sim:  4084.0
New maximum sim:  405.0
[405.0, 369.0, 324.0, 206.0, 163.0, 81.0, 77.0, 72.0, 59.0, 55.0, 50.0, 46.0, 43.0, 42.0, 41.0, 34.0, 33.0, 32.0]
6 0.0 0.9712072651680707 0.004861290943314977 0.05129048949017682
[4084.0, 4036.0, 3998.0, 3972.0, 3970.0, 3966.0, 3964.0, 3962.0, 3960.0, 3958.0, 3956.0, 3954.0, 3952.0, 3950.0, 3948.0, 405.0, 369.0, 324.0]
Old maximum Sim:  4084.0
New maximum sim:  405.0
[405.0, 369.0, 324.0, 206.0, 163.0, 81.0, 77.0, 72.0, 59.0, 55.0, 50.0, 46.0, 43.0, 42.0, 41.0, 34.0, 33.0, 32.0]
7 0.0 0.9712068574758971 0.004860382042132344 0.051292275880318136
[4084.0, 4036.0, 3998.0, 3972.0, 3970.0, 3966.0, 3964.0, 3962.0, 3960.0, 3958.0, 3956.0, 3954.0, 3952.0, 3950.0, 3948.0, 405.0, 369.0, 324.0]
Old maximum Sim:  4084.0
New maximum sim:  405.0
[405.0, 369.0, 324.0, 206.0, 163.0, 81.0, 77.0, 72.0, 59.0, 55.0, 50.0, 46.0, 43.0, 42.0, 41.0, 34.0, 33.0, 32.0]
8 0.0 0.971207180182582 0.004858568599272819 0.05129202479296823
[4084.0, 4036.0, 3998.0, 3972.0, 3970.0, 3966.0, 3964.0, 3962.0, 3960.0, 3958.0, 3956.0, 3954.0, 3952.0, 3950.0, 3948.0, 405.0, 369.0, 324.0]
Old maximum Sim:  4084.0
New maximum sim:  405.0
[405.0, 369.0, 324.0, 206.0, 163.0, 81.0, 77.0, 72.0, 59.0, 55.0, 50.0, 46.0, 43.0, 42.0, 41.0, 34.0, 33.0, 32.0]
9 0.0 0.9712070643404552 0.004861827419342978 0.051292706475302055
[4084.0, 4036.0, 3998.0, 3972.0, 3970.0, 3966.0, 3964.0, 3962.0, 3960.0, 3958.0, 3956.0, 3954.0, 3952.0, 3950.0, 3948.0, 405.0, 369.0, 324.0]
Old maximum Sim:  4084.0
New maximum sim:  405.0
[405.0, 369.0, 324.0, 206.0, 163.0, 81.0, 77.0, 72.0, 59.0, 55.0, 50.0, 46.0, 43.0, 42.0, 41.0, 34.0, 33.0, 32.0]
10 0.0 0.9712108392855111 0.004862265749177872 0.051292003482071864
[4084.0, 4036.0, 3998.0, 3972.0, 3970.0, 3966.0, 3964.0, 3962.0, 3960.0, 3958.0, 3956.0, 3954.0, 3952.0, 3950.0, 3948.0, 405.0, 369.0, 324.0]
Old maximum Sim:  4084.0
New maximum sim:  405.0
[405.0, 369.0, 324.0, 206.0, 163.0, 81.0, 77.0, 72.0, 59.0, 55.0, 50.0, 46.0, 43.0, 42.0, 41.0, 34.0, 33.0, 32.0]
11 0.0 0.9712076450794968 0.004862062444672084 0.051292547066569605
