[4084.0, 4036.0, 3998.0, 3972.0, 3970.0, 3966.0, 3964.0, 3962.0, 3960.0, 3958.0, 3956.0, 3954.0, 3952.0, 3950.0, 3948.0, 405.0, 369.0, 324.0]
Old maximum Sim:  4084.0
New maximum sim:  405.0
[405.0, 369.0, 324.0, 206.0, 163.0, 81.0, 77.0, 72.0, 59.0, 55.0, 50.0, 46.0, 43.0, 42.0, 41.0, 34.0, 33.0, 32.0]
2 0.0 0.9710166782746453 0.004362357690067871 0.04739810949029081
[4084.0, 4036.0, 3998.0, 3972.0, 3970.0, 3966.0, 3964.0, 3962.0, 3960.0, 3958.0, 3956.0, 3954.0, 3952.0, 3950.0, 3948.0, 405.0, 369.0, 324.0]
Old maximum Sim:  4084.0
New maximum sim:  405.0
[405.0, 369.0, 324.0, 206.0, 163.0, 81.0, 77.0, 72.0, 59.0, 55.0, 50.0, 46.0, 43.0, 42.0, 41.0, 34.0, 33.0, 32.0]
3 0.0 0.9710139383217634 0.004362933965883567 0.04739879522741461
[4084.0, 4036.0, 3998.0, 3972.0, 3970.0, 3966.0, 3964.0, 3962.0, 3960.0, 3958.0, 3956.0, 3954.0, 3952.0, 3950.0, 3948.0, 405.0, 369.0, 324.0]
Old maximum Sim:  4084.0
New maximum sim:  405.0
[405.0, 369.0, 324.0, 206.0, 163.0, 81.0, 77.0, 72.0, 59.0, 55.0, 50.0, 46.0, 43.0, 42.0, 41.0, 34.0, 33.0, 32.0]
4 0.0 0.9710155249551696 0.004360650143662103 0.04739748317170265
[4084.0, 4036.0, 3998.0, 3972.0, 3970.0, 3966.0, 3964.0, 3962.0, 3960.0, 3958.0, 3956.0, 3954.0, 3952.0, 3950.0, 3948.0, 405.0, 369.0, 324.0]
Old maximum Sim:  4084.0
New maximum sim:  405.0
[405.0, 369.0, 324.0, 206.0, 163.0, 81.0, 77.0, 72.0, 59.0, 55.0, 50.0, 46.0, 43.0, 42.0, 41.0, 34.0, 33.0, 32.0]
5 0.0 0.9710149273688801 0.004361177492290482 0.04739676577650203
[4084.0, 4036.0, 3998.0, 3972.0, 3970.0, 3966.0, 3964.0, 3962.0, 3960.0, 3958.0, 3956.0, 3954.0, 3952.0, 3950.0, 3948.0, 405.0, 369.0, 324.0]
Old maximum Sim:  4084.0
New maximum sim:  405.0
[405.0, 369.0, 324.0, 206.0, 163.0, 81.0, 77.0, 72.0, 59.0, 55.0, 50.0, 46.0, 43.0, 42.0, 41.0, 34.0, 33.0, 32.0]
6 0.0 0.9710207384023991 0.004364041755640157 0.04739760494593283
[4084.0, 4036.0, 3998.0, 3972.0, 3970.0, 3966.0, 3964.0, 3962.0, 3960.0, 3958.0, 3956.0, 3954.0, 3952.0, 3950.0, 3948.0, 405.0, 369.0, 324.0]
Old maximum Sim:  4084.0
New maximum sim:  405.0
[405.0, 369.0, 324.0, 206.0, 163.0, 81.0, 77.0, 72.0, 59.0, 55.0, 50.0, 46.0, 43.0, 42.0, 41.0, 34.0, 33.0, 32.0]
7 0.0 0.971017695726791 0.004362838387844771 0.04739786996806692
[4084.0, 4036.0, 3998.0, 3972.0, 3970.0, 3966.0, 3964.0, 3962.0, 3960.0, 3958.0, 3956.0, 3954.0, 3952.0, 3950.0, 3948.0, 405.0, 369.0, 324.0]
Old maximum Sim:  4084.0
New maximum sim:  405.0
[405.0, 369.0, 324.0, 206.0, 163.0, 81.0, 77.0, 72.0, 59.0, 55.0, 50.0, 46.0, 43.0, 42.0, 41.0, 34.0, 33.0, 32.0]
8 0.0 0.9710142985485765 0.004366236271374232 0.04739721468740368
[4084.0, 4036.0, 3998.0, 3972.0, 3970.0, 3966.0, 3964.0, 3962.0, 3960.0, 3958.0, 3956.0, 3954.0, 3952.0, 3950.0, 3948.0, 405.0, 369.0, 324.0]
Old maximum Sim:  4084.0
New maximum sim:  405.0
[405.0, 369.0, 324.0, 206.0, 163.0, 81.0, 77.0, 72.0, 59.0, 55.0, 50.0, 46.0, 43.0, 42.0, 41.0, 34.0, 33.0, 32.0]
9 0.0 0.9710191381889853 0.004359163395143415 0.047398132090065465
[4084.0, 4036.0, 3998.0, 3972.0, 3970.0, 3966.0, 3964.0, 3962.0, 3960.0, 3958.0, 3956.0, 3954.0, 3952.0, 3950.0, 3948.0, 405.0, 369.0, 324.0]
Old maximum Sim:  4084.0
New maximum sim:  405.0
[405.0, 369.0, 324.0, 206.0, 163.0, 81.0, 77.0, 72.0, 59.0, 55.0, 50.0, 46.0, 43.0, 42.0, 41.0, 34.0, 33.0, 32.0]
10 0.0 0.9710091996165495 0.004361024860392963 0.047398238440496204
[4084.0, 4036.0, 3998.0, 3972.0, 3970.0, 3966.0, 3964.0, 3962.0, 3960.0, 3958.0, 3956.0, 3954.0, 3952.0, 3950.0, 3948.0, 405.0, 369.0, 324.0]
Old maximum Sim:  4084.0
New maximum sim:  405.0
[405.0, 369.0, 324.0, 206.0, 163.0, 81.0, 77.0, 72.0, 59.0, 55.0, 50.0, 46.0, 43.0, 42.0, 41.0, 34.0, 33.0, 32.0]
11 0.0 0.9710236005776671 0.004362846131920779 0.047398952420498
