[4084.0, 4036.0, 3998.0, 3972.0, 3970.0, 3966.0, 3964.0, 3962.0, 3960.0, 3958.0, 3956.0, 3954.0, 3952.0, 3950.0, 3948.0, 405.0, 369.0, 324.0]
Old maximum Sim:  4084.0
New maximum sim:  405.0
[405.0, 369.0, 324.0, 206.0, 163.0, 81.0, 77.0, 72.0, 59.0, 55.0, 50.0, 46.0, 43.0, 42.0, 41.0, 34.0, 33.0, 32.0]
2 0.0 1.4139659015975161 0.017261316198095303 0.13377184169523446
[4084.0, 4036.0, 3998.0, 3972.0, 3970.0, 3966.0, 3964.0, 3962.0, 3960.0, 3958.0, 3956.0, 3954.0, 3952.0, 3950.0, 3948.0, 405.0, 369.0, 324.0]
Old maximum Sim:  4084.0
New maximum sim:  405.0
[405.0, 369.0, 324.0, 206.0, 163.0, 81.0, 77.0, 72.0, 59.0, 55.0, 50.0, 46.0, 43.0, 42.0, 41.0, 34.0, 33.0, 32.0]
3 0.0 1.4139661244736959 0.017266235699222067 0.13377120962220074
[4084.0, 4036.0, 3998.0, 3972.0, 3970.0, 3966.0, 3964.0, 3962.0, 3960.0, 3958.0, 3956.0, 3954.0, 3952.0, 3950.0, 3948.0, 405.0, 369.0, 324.0]
Old maximum Sim:  4084.0
New maximum sim:  405.0
[405.0, 369.0, 324.0, 206.0, 163.0, 81.0, 77.0, 72.0, 59.0, 55.0, 50.0, 46.0, 43.0, 42.0, 41.0, 34.0, 33.0, 32.0]
4 0.0 1.4139668622887769 0.017267483648028267 0.13377104644887075
[4084.0, 4036.0, 3998.0, 3972.0, 3970.0, 3966.0, 3964.0, 3962.0, 3960.0, 3958.0, 3956.0, 3954.0, 3952.0, 3950.0, 3948.0, 405.0, 369.0, 324.0]
Old maximum Sim:  4084.0
New maximum sim:  405.0
[405.0, 369.0, 324.0, 206.0, 163.0, 81.0, 77.0, 72.0, 59.0, 55.0, 50.0, 46.0, 43.0, 42.0, 41.0, 34.0, 33.0, 32.0]
5 0.0 1.4139660184411613 0.017258569473172402 0.1337721963277252
[4084.0, 4036.0, 3998.0, 3972.0, 3970.0, 3966.0, 3964.0, 3962.0, 3960.0, 3958.0, 3956.0, 3954.0, 3952.0, 3950.0, 3948.0, 405.0, 369.0, 324.0]
Old maximum Sim:  4084.0
New maximum sim:  405.0
[405.0, 369.0, 324.0, 206.0, 163.0, 81.0, 77.0, 72.0, 59.0, 55.0, 50.0, 46.0, 43.0, 42.0, 41.0, 34.0, 33.0, 32.0]
6 0.0 1.4139664791962763 0.017261886689840484 0.13377177361800296
[4084.0, 4036.0, 3998.0, 3972.0, 3970.0, 3966.0, 3964.0, 3962.0, 3960.0, 3958.0, 3956.0, 3954.0, 3952.0, 3950.0, 3948.0, 405.0, 369.0, 324.0]
Old maximum Sim:  4084.0
New maximum sim:  405.0
[405.0, 369.0, 324.0, 206.0, 163.0, 81.0, 77.0, 72.0, 59.0, 55.0, 50.0, 46.0, 43.0, 42.0, 41.0, 34.0, 33.0, 32.0]
7 0.0 1.413966108002156 0.017255408666248293 0.13377261077178582
[4084.0, 4036.0, 3998.0, 3972.0, 3970.0, 3966.0, 3964.0, 3962.0, 3960.0, 3958.0, 3956.0, 3954.0, 3952.0, 3950.0, 3948.0, 405.0, 369.0, 324.0]
Old maximum Sim:  4084.0
New maximum sim:  405.0
[405.0, 369.0, 324.0, 206.0, 163.0, 81.0, 77.0, 72.0, 59.0, 55.0, 50.0, 46.0, 43.0, 42.0, 41.0, 34.0, 33.0, 32.0]
8 0.0 1.4139660841136845 0.01725644085672801 0.13377247500332523
[4084.0, 4036.0, 3998.0, 3972.0, 3970.0, 3966.0, 3964.0, 3962.0, 3960.0, 3958.0, 3956.0, 3954.0, 3952.0, 3950.0, 3948.0, 405.0, 369.0, 324.0]
Old maximum Sim:  4084.0
New maximum sim:  405.0
[405.0, 369.0, 324.0, 206.0, 163.0, 81.0, 77.0, 72.0, 59.0, 55.0, 50.0, 46.0, 43.0, 42.0, 41.0, 34.0, 33.0, 32.0]
9 0.0 1.4139660008963704 0.01725600212644027 0.13377252953698185
[4084.0, 4036.0, 3998.0, 3972.0, 3970.0, 3966.0, 3964.0, 3962.0, 3960.0, 3958.0, 3956.0, 3954.0, 3952.0, 3950.0, 3948.0, 405.0, 369.0, 324.0]
Old maximum Sim:  4084.0
New maximum sim:  405.0
[405.0, 369.0, 324.0, 206.0, 163.0, 81.0, 77.0, 72.0, 59.0, 55.0, 50.0, 46.0, 43.0, 42.0, 41.0, 34.0, 33.0, 32.0]
10 0.0 1.4139658496943146 0.01725710045605932 0.13377238497988309
[4084.0, 4036.0, 3998.0, 3972.0, 3970.0, 3966.0, 3964.0, 3962.0, 3960.0, 3958.0, 3956.0, 3954.0, 3952.0, 3950.0, 3948.0, 405.0, 369.0, 324.0]
Old maximum Sim:  4084.0
New maximum sim:  405.0
[405.0, 369.0, 324.0, 206.0, 163.0, 81.0, 77.0, 72.0, 59.0, 55.0, 50.0, 46.0, 43.0, 42.0, 41.0, 34.0, 33.0, 32.0]
11 0.0 1.4139661228825842 0.017249997839185908 0.13377330212526542
