[4084.0, 4036.0, 3998.0, 3972.0, 3970.0, 3966.0, 3964.0, 3962.0, 3960.0, 3958.0, 3956.0, 3954.0, 3952.0, 3950.0, 3948.0, 405.0, 369.0, 324.0]
Old maximum Sim:  4084.0
New maximum sim:  405.0
[405.0, 369.0, 324.0, 206.0, 163.0, 81.0, 77.0, 72.0, 59.0, 55.0, 50.0, 46.0, 43.0, 42.0, 41.0, 34.0, 33.0, 32.0]
2 0.7077146083295491 0.7077146083295491 0.7077146083295491 0.35385730416477457
[4084.0, 4036.0, 3998.0, 3972.0, 3970.0, 3966.0, 3964.0, 3962.0, 3960.0, 3958.0, 3956.0, 3954.0, 3952.0, 3950.0, 3948.0, 405.0, 369.0, 324.0]
Old maximum Sim:  4084.0
New maximum sim:  405.0
[405.0, 369.0, 324.0, 206.0, 163.0, 81.0, 77.0, 72.0, 59.0, 55.0, 50.0, 46.0, 43.0, 42.0, 41.0, 34.0, 33.0, 32.0]
3 0.7077165863293776 0.999753334051585 0.805190519788375 0.3958433697902008
[4084.0, 4036.0, 3998.0, 3972.0, 3970.0, 3966.0, 3964.0, 3962.0, 3960.0, 3958.0, 3956.0, 3954.0, 3952.0, 3950.0, 3948.0, 405.0, 369.0, 324.0]
Old maximum Sim:  4084.0
New maximum sim:  405.0
[405.0, 369.0, 324.0, 206.0, 163.0, 81.0, 77.0, 72.0, 59.0, 55.0, 50.0, 46.0, 43.0, 42.0, 41.0, 34.0, 33.0, 32.0]
4 0.7073434765468644 0.9997592500909885 0.8537108094376603 0.390690323529825
[4084.0, 4036.0, 3998.0, 3972.0, 3970.0, 3966.0, 3964.0, 3962.0, 3960.0, 3958.0, 3956.0, 3954.0, 3952.0, 3950.0, 3948.0, 405.0, 369.0, 324.0]
Old maximum Sim:  4084.0
New maximum sim:  405.0
[405.0, 369.0, 324.0, 206.0, 163.0, 81.0, 77.0, 72.0, 59.0, 55.0, 50.0, 46.0, 43.0, 42.0, 41.0, 34.0, 33.0, 32.0]
5 0.7056492121513572 0.9997599570571527 0.8821533086024342 0.37528033257079285
[4084.0, 4036.0, 3998.0, 3972.0, 3970.0, 3966.0, 3964.0, 3962.0, 3960.0, 3958.0, 3956.0, 3954.0, 3952.0, 3950.0, 3948.0, 405.0, 369.0, 324.0]
Old maximum Sim:  4084.0
New maximum sim:  405.0
[405.0, 369.0, 324.0, 206.0, 163.0, 81.0, 77.0, 72.0, 59.0, 55.0, 50.0, 46.0, 43.0, 42.0, 41.0, 34.0, 33.0, 32.0]
6 0.7011178769531944 0.9997623902139838 0.9000830452585681 0.3580810082737235
[4084.0, 4036.0, 3998.0, 3972.0, 3970.0, 3966.0, 3964.0, 3962.0, 3960.0, 3958.0, 3956.0, 3954.0, 3952.0, 3950.0, 3948.0, 405.0, 369.0, 324.0]
Old maximum Sim:  4084.0
New maximum sim:  405.0
[405.0, 369.0, 324.0, 206.0, 163.0, 81.0, 77.0, 72.0, 59.0, 55.0, 50.0, 46.0, 43.0, 42.0, 41.0, 34.0, 33.0, 32.0]
7 0.06869822461784732 0.9997621101376009 0.8149358402360899 0.34975325946070857
[4084.0, 4036.0, 3998.0, 3972.0, 3970.0, 3966.0, 3964.0, 3962.0, 3960.0, 3958.0, 3956.0, 3954.0, 3952.0, 3950.0, 3948.0, 405.0, 369.0, 324.0]
Old maximum Sim:  4084.0
New maximum sim:  405.0
[405.0, 369.0, 324.0, 206.0, 163.0, 81.0, 77.0, 72.0, 59.0, 55.0, 50.0, 46.0, 43.0, 42.0, 41.0, 34.0, 33.0, 32.0]
8 0.0441409786808732 0.9997607248873009 0.7446731236576022 0.3498773827624393
[4084.0, 4036.0, 3998.0, 3972.0, 3970.0, 3966.0, 3964.0, 3962.0, 3960.0, 3958.0, 3956.0, 3954.0, 3952.0, 3950.0, 3948.0, 405.0, 369.0, 324.0]
Old maximum Sim:  4084.0
New maximum sim:  405.0
[405.0, 369.0, 324.0, 206.0, 163.0, 81.0, 77.0, 72.0, 59.0, 55.0, 50.0, 46.0, 43.0, 42.0, 41.0, 34.0, 33.0, 32.0]
9 0.033217754016767395 0.9997613251861488 0.6817460611110548 0.356248423799893
[4084.0, 4036.0, 3998.0, 3972.0, 3970.0, 3966.0, 3964.0, 3962.0, 3960.0, 3958.0, 3956.0, 3954.0, 3952.0, 3950.0, 3948.0, 405.0, 369.0, 324.0]
Old maximum Sim:  4084.0
New maximum sim:  405.0
[405.0, 369.0, 324.0, 206.0, 163.0, 81.0, 77.0, 72.0, 59.0, 55.0, 50.0, 46.0, 43.0, 42.0, 41.0, 34.0, 33.0, 32.0]
10 0.03321570270990152 0.9997609536293107 0.6472307780307641 0.3475858634789511
[4084.0, 4036.0, 3998.0, 3972.0, 3970.0, 3966.0, 3964.0, 3962.0, 3960.0, 3958.0, 3956.0, 3954.0, 3952.0, 3950.0, 3948.0, 405.0, 369.0, 324.0]
Old maximum Sim:  4084.0
New maximum sim:  405.0
[405.0, 369.0, 324.0, 206.0, 163.0, 81.0, 77.0, 72.0, 59.0, 55.0, 50.0, 46.0, 43.0, 42.0, 41.0, 34.0, 33.0, 32.0]
11 0.033216784280396865 0.999761021199316 0.6025646343878359 0.3509820706973036
