293
25
345
492
651
45
370
478
417
351
376
412
105
659
120
591
379
347
584
569
445
538
20
432
199
18
142
31
466
365
249
519
356
189
215
270
241
263
225
184
243
638
51
255
232
258
62
486
491
254
276
144
608
179
634
36
420
194
256
238
282
309
220
545
517
93
649
426
463
162
311
46
201
469
461
294
5
398
429
23
24
210
499
667
637
34
75
414
384
299
467
204
658
177
435
664
102
623
534
332
619
509
553
532
227
222
73
548
643
378
150
245
40
408
190
242
625
618
459
385
439
477
12
399
139
628
474
10
61
472
33
520
366
574
32
636
359
645
165
582
99
266
409
568
106
224
111
275
601
485
444
126
303
617
588
496
443
390
523
480
530
578
375
358
596
363
334
216
404
653
397
325
123
442
380
108
631
279
155
468
148
535
605
7
362
28
321
646
328
76
234
98
211
140
175
178
393
418
157
387
261
505
72
333
22
100
135
121
230
69
484
182
41
495
246
595
642
48
479
11
564
518
650
112
590
611
431
153
16
183
109
361
544
2
38
563
291
647
635
655
488
604
161
89
609
644
446
542
342
587
551
94
369
166
151
401
323
421
579
233
90
657
377
422
415
251
341
498
515
134
4
539
110
145
462
547
632
160
510
158
562
315
274
624
289
471
79
168
14
171
571
641
305
561
292
78
218
395
26
629
622
85
338
506
67
592
286
339
298
360
138
314
104
490
107
252
354
268
87
156
281
610
493
550
137
603
196
287
54
310
357
455
239
143
115
514
616
124
504
546
565
448
91
295
621
202
320
427
350
425
639
59
57
428
500
260
86
247
141
81
290
29
113
64
205
381
253
273
80
206
458
423
434
192
131
147
84
433
540
114
470
525
152
213
6
39
187
13
30
576
122
626
92
154
306
615
503
248
288
66
146
405
193
317
103
312
173
300
528
465
527
620
43
558
388
235
219
460
269
47
374
52
58
217
580
606
583
566
262
318
68
575
473
364
44
502
589
88
185
326
371
614
101
665
237
132
272
56
522
284
344
95
598
456
602
331
367
3
71
554
27
438
573
181
271
483
348
336
454
400
324
457
307
125
223
452
497
630
581
278
296
316
648
513
208
567
392
666
494
368
529
128
410
259
37
537
195
441
607
508
597
15
599
424
662
221
60
116
267
394
186
403
416
353
346
481
464
159
559
386
577
167
74
489
501
53
130
203
188
327
77
170
319
355
63
526
19
197
656
507
96
198
226
430
244
352
391
172
660
557
419
308
640
257
476
119
654
50
97
661
240
402
35
512
21
236
322
572
407
612
174
9
440
277
451
383
411
163
593
42
447
613
209
382
1
449
231
627
453
65
663
511
136
229
570
8
482
633
250
212
340
82
17
49
343
149
280
302
207
330
313
180
406
586
335
228
389
117
55
475
536
543
373
337
129
555
169
329
516
301
585
594
652
437
541
133
264
118
560
549
265
164
521
349
372
191
297
70
283
