2 0.0 0.36485054783012916 0.008279225215934242 0.025730111053881528
3 0.0 0.3732164800157897 0.00832967561548881 0.026058487328672233
4 0.0 0.34683139551515973 0.008269362811461959 0.025284540819176707
5 0.0 0.35207934320695117 0.00834504650264348 0.025674671071729948
6 0.0 0.3242162643496257 0.008367471891079224 0.025130882640513063
7 0.0 0.3507750977617487 0.0084604578634832 0.025993796190218684
8 0.0 0.3741317981020064 0.008238933172137315 0.025938341327836054
9 0.0 0.3653086705133761 0.008230383932410407 0.02571264634763602
10 0.0 0.36152401519179006 0.008351762254202632 0.025947106495422107
11 0.0 0.32690559561231086 0.008402303232069799 0.025429546509174995
