2 0.0 0.6313566437983659 0.015778503144186617 0.05583992792172323
3 0.0 0.6393710193171848 0.01611356633834834 0.05649921905602022
4 0.0 0.6888208060486368 0.01683630615381352 0.0593379030860172
5 0.0 0.6621782984027795 0.01640061618406404 0.0572497162703844
6 0.0 0.6345039617300409 0.016221821615129185 0.05627686327418616
7 0.0 0.6643327671036262 0.016401339102565818 0.05810693228926214
8 0.0 0.62609265045979 0.01591635492664343 0.05557495135247868
9 0.0 0.6865303546476174 0.01625682257773793 0.05751700025210249
10 0.0 0.6243914245931078 0.016032872140934837 0.0558032370584175
11 0.0 0.6944892861509512 0.016508354164664903 0.0586086972814422
