2 0.0 1.0696963910977257 0.009929994057881331 0.0698534390702728
3 0.0 1.0697681445100025 0.009935616106655146 0.06985253351017447
4 0.0 1.0700804255060756 0.00992648608706673 0.06985380239108477
5 0.0 1.0700560848679264 0.009923965083393875 0.06985383632434036
6 0.0 1.069779780143292 0.009929530061705482 0.06985343970364967
7 0.0 1.0701428947495406 0.009924587361621552 0.0698538120049142
8 0.0 1.0698202225195954 0.009944363558983177 0.06985096059678747
9 0.0 1.069609989475955 0.009937271083421278 0.06985266819892022
10 0.0 1.0697915210923479 0.00993217246087215 0.0698530645472978
11 0.0 1.069870233480253 0.009934682964570224 0.06985254060152396
