2 0.0 0.3062526950688308 0.006981147840032185 0.025912348932702084
3 0.0 0.30623400853593286 0.006966728085303106 0.025921091780116003
4 0.0 0.30758998990478004 0.00701130324401686 0.026001750063014046
5 0.0 0.3062811803160574 0.0070087698953744185 0.025925019387107097
6 0.0 0.3072822462562698 0.007014296099950715 0.025936096878726445
7 0.0 0.3068440681440954 0.006989613666625654 0.025945252383932513
8 0.0 0.306269221280168 0.0069948485411038324 0.025938694459471646
9 0.0 0.30704189637967566 0.006987406351390307 0.025925053128024577
10 0.0 0.3070564236204202 0.006984405899535216 0.02593277752669053
11 0.0 0.3065545052055659 0.006991168239608882 0.02592419161210637
