2 0.0 0.07282355869773793 0.0026685076029953365 0.007012971509850872
3 0.0 0.07254011816197341 0.0026641193271217146 0.0069805593845252084
4 0.0 0.0727331582952963 0.002672886454999588 0.00701747811942251
5 0.0 0.07294567684029721 0.002664376774150794 0.007003182345632577
6 0.0 0.07316969496273522 0.0026683763778794166 0.006995508214388508
7 0.0 0.07293238163246277 0.0026675288808133586 0.006972995522205315
8 0.0 0.07237918886211908 0.0026653655426546736 0.006972587926850993
9 0.0 0.07251281471100347 0.00266517916390555 0.006986959067158295
10 0.0 0.07334137530934301 0.0026766121889426025 0.007021779944533018
11 0.0 0.07285119056798524 0.0026658784165826187 0.0070076703765799215
