2 0.0 0.29470192884000046 0.0037804773026772947 0.017710128683017065
3 0.0 0.29505367867607607 0.0037721877087989477 0.017722475854612105
4 0.0 0.29445427847322014 0.0037672892040046136 0.017689081844809745
5 0.0 0.2949054986489096 0.003768255326367305 0.017709033588114348
6 0.0 0.2944012855016162 0.0037641966262221926 0.017685193273979813
7 0.0 0.294534302711179 0.0037779948725181665 0.01770136337079883
8 0.0 0.2945167187095468 0.0037629754731979327 0.01769364671501674
9 0.0 0.2948069346530054 0.00377940934379222 0.01771364864591194
10 0.0 0.2945452167027885 0.003775528857907598 0.017691697754598546
11 0.0 0.295248183614826 0.003783969680904616 0.01773721845361187
