2 0.0 0.6256829148968575 0.016114419210094974 0.05617774929156203
3 0.0 0.6192858822956459 0.016013372382639172 0.05626461852756783
4 0.0 0.6193719961190695 0.016172341582032727 0.056201995347381635
5 0.0 0.6475517622548336 0.016340745179576687 0.05696034537783321
6 0.0 0.6523778832048565 0.016182822822477044 0.05714647333377346
7 0.0 0.6520594609930079 0.01603624091618013 0.05647097030390389
8 0.0 0.6070874114584174 0.0158453450008293 0.05538786931790874
9 0.0 0.6483263151066256 0.016173747471724186 0.0568295319085622
10 0.0 0.6440356867686525 0.016133077217315533 0.05635933188450244
11 0.0 0.6753711103161478 0.017192019856068157 0.05941700898311055
