2 0.0 1.0 0.022334384858044166 0.07078363877335633
3 0.0 1.0 0.022334384858044166 0.07078363877335633
4 0.0 1.0 0.022334384858044166 0.07078363877335633
5 0.0 1.0 0.022334384858044166 0.07078363877335633
6 0.0 1.0 0.022334384858044166 0.07078363877335633
7 0.0 1.0 0.022334384858044166 0.07078363877335633
8 0.0 1.0 0.022334384858044166 0.07078363877335633
9 0.0 1.0 0.022334384858044166 0.07078363877335633
10 0.0 1.0 0.022334384858044166 0.07078363877335633
11 0.0 1.0 0.022334384858044166 0.07078363877335633
