2 0.0 0.04331073362718271 0.0012230477832485035 0.003481784878526689
3 0.0 0.04331841210147449 0.0012236851889212486 0.003461948427233601
4 0.0 0.043312410394890054 0.0012217029994534825 0.0034734959994170405
5 0.0 0.04331445030922909 0.0012212546584911693 0.003466869308576303
6 0.0 0.043313076609133014 0.001222283049057644 0.0034668749429535993
7 0.0 0.043313998007502845 0.0012214653044897187 0.0034646757502811184
8 0.0 0.043314227924711866 0.0012225871773135523 0.0034656760306640447
9 0.0 0.04331851778373655 0.0012228005126633118 0.0034621430594117763
10 0.0 0.043314871186376495 0.0012253937064679325 0.0034694611306899737
11 0.0 0.04331745845036589 0.0012214406384388368 0.0034680932566029136
