2 0.0 1.227709833061839 0.015673312899109115 0.08850798191695035
3 0.0 1.2283298206222715 0.0156633023134718 0.08850957929718407
4 0.0 1.2280485755191823 0.015683434732640663 0.08850632834629861
5 0.0 1.228176572920638 0.01566482488396457 0.08850962274321504
6 0.0 1.2282371481634256 0.01567520237471 0.08850727202832362
7 0.0 1.228226055980535 0.01567167038083691 0.08850818071212614
8 0.0 1.228335420536622 0.015678656482837238 0.08850680832464312
9 0.0 1.2279073821947646 0.015652601680912023 0.08851030073111
10 0.0 1.228017199804022 0.015667306708088403 0.08850882416057995
11 0.0 1.2279840195238363 0.015673622502591644 0.08850789516930074
