2 0.0640298097866916 0.0640298097866916 0.0640298097866916 0.0320149048933458
3 0.0644321521516521 0.09695820721152497 0.08326009513483594 0.040826702368900986
4 0.05266544801408017 0.12171637546534027 0.0788240138822488 0.039317490343508864
5 0.05180881872621867 0.12261897903734369 0.079795544168097 0.03800865023885436
6 0.050843477700047365 0.16215060069523682 0.0868517109794645 0.043379481353094614
7 0.04775722253198813 0.21276559085027225 0.09925310916206553 0.05290971579074098
8 0.043493229468764036 0.250470699155624 0.10811014101696513 0.06004043016783776
9 0.034219582892964055 0.25046322725357606 0.1042345599392378 0.05722740327256478
10 0.022283507101676977 0.2505277545779547 0.09757953736036862 0.0548288391623404
11 0.02437929073609361 0.2505825342696826 0.09412355166828067 0.05360299582141257
