2 0.4716442494385317 0.4716442494385317 0.4716442494385317 0.2358221247192659
3 0.08560423022538828 0.4732305864905501 0.3413866086169827 0.2184353467851444
4 0.07393526126835351 0.4657992000080321 0.2794448414581542 0.1955661611786774
5 0.073313410712431 0.478692497833202 0.26082487079966554 0.1843755029982504
6 0.07437061329922219 0.48909905272583576 0.2418830995871761 0.1793951005518825
7 0.07469724903098553 0.48703530614198837 0.2283448998486023 0.1676895169645232
8 0.07477557441984196 0.6137754286852236 0.27361996782469683 0.18068424081318402
9 0.0746779563495937 0.6025238921266151 0.2962394933230005 0.17764665346749628
10 0.07484113138259728 0.5767596971444771 0.26028579819337144 0.16117505698120774
11 0.07481555186558361 0.539013321374559 0.23053710444622533 0.1461925267099946
