2 0.0989689944250621 0.0989689944250621 0.0989689944250621 0.04948449721253105
3 0.0726077932790728 0.11402523428589133 0.09732298388390555 0.048133555442435805
4 0.07411395639801034 0.13242656363460376 0.10219840106480953 0.04718803271830029
5 0.07408855454201863 0.1485674713310808 0.10741839079095121 0.0470673111046272
6 0.06109326498083549 0.16898926742231452 0.1094817544977958 0.048531647314874554
7 0.05792801192803536 0.17359700454449659 0.11070076398234843 0.04802303674275838
8 0.061115716339180136 0.19590396291056644 0.1197432607906823 0.05280273382129056
9 0.061207600199862815 0.2205379724743683 0.12079122485482577 0.05340731001837111
10 0.06131016288773559 0.2204599698594674 0.12322473545584559 0.054444688906768825
11 0.04182473082022716 0.22066723397685234 0.11921329740246625 0.052514239130404934
