2 0.06402128930928601 0.06402128930928601 0.06402128930928601
3 0.06442429772678407 0.09691266822787258 0.08323538394966094
4 0.05268082272837994 0.12173322319732832 0.07883202185869155
5 0.051770322811810494 0.12262608623538397 0.07978881370647999
6 0.05090527719384394 0.162054437429807 0.08682503412456513
7 0.04779163459099604 0.2125956128793559 0.09921537428948281
8 0.043560337029144865 0.25039587137331576 0.10810325974166868
9 0.03418274075694589 0.2505171363134961 0.10431892758895564
10 0.022279453385400785 0.25043655767394557 0.09756388040082925
[562.5, 360.0, 191.25, 180.0, 146.25, 135.0, 123.75, 112.5, 101.25, 90.0]
0.02476913126796405 0.2506489705833412 0.09480176573279593
