2 0.0 0.2641764186146673 0.0057971565072236705 0.02110991759691104
3 0.0 0.26417642051867496 0.005797156376183149 0.021109917584298026
4 0.0 0.2641764254497842 0.005797155720322234 0.02110991620498514
5 0.0 0.2641764212722451 0.005797156683722765 0.021109917732746907
6 0.0 0.2641764261143013 0.005797156205910292 0.021109917873255356
7 0.0 0.26417642211818976 0.005797156208991405 0.021109917387659435
8 0.0 0.26417642399491587 0.00579715686991435 0.021109918937478035
9 0.0 0.2641764185046028 0.005797156830199057 0.021109917481982453
10 0.0 0.26417642181334183 0.0057971565090946505 0.02110991801375733
11 0.0 0.26417642248736983 0.005797156312321389 0.021109917594133377
