2 0.0 1.2345484441437427 0.014380025008266394 0.08723996321758636
3 0.0 1.2345484447381656 0.014380024940547636 0.08723996323986236
4 0.0 1.234548445867511 0.014380024960498186 0.08723996324646695
5 0.0 1.2345484492023422 0.014380024564220764 0.08723996327365441
6 0.0 1.2345484485213436 0.01438002493865279 0.08723996321754497
7 0.0 1.234548447933307 0.014380025013102019 0.08723996323102531
8 0.0 1.2345484440610033 0.01438002501870984 0.08723996322917969
9 0.0 1.2345484449145436 0.014380025026725089 0.08723996322597669
10 0.0 1.2345484446607806 0.014380025225950097 0.08723996321843087
11 0.0 1.234548446564993 0.014380024853200949 0.0872399632501003
