2 0.0 1.3227460433096145 0.0314053517662447 0.1274311190376985
3 0.0 1.3227464728484661 0.03140380979444326 0.12743147028914806
4 0.0 1.322745669049849 0.031413197303237654 0.12742919193648597
5 0.0 1.3227462218399688 0.031410649062112855 0.12742982185399349
6 0.0 1.3227460919682286 0.0314131566659437 0.12742920176387304
7 0.0 1.322745870543044 0.03140651875336113 0.12743082389605542
8 0.0 1.3227456413517464 0.03141355161590214 0.12742910453520925
9 0.0 1.322746069922983 0.03141283755049477 0.12742927433142143
10 0.0 1.3227456536454034 0.03141477388700068 0.12742880796531372
11 0.0 1.3227462113042114 0.031405066070542054 0.12743120857414963
