2 0.0 0.40304881384386143 0.015418491411745913 0.04372405738644532
3 0.0 0.4032021537574738 0.015420128203066747 0.04372763313132667
4 0.0 0.4030885309979886 0.015419500262073109 0.04372821028970262
5 0.0 0.40313768749259615 0.015421522264989721 0.043726717943473666
6 0.0 0.4031753572214574 0.01542122196014677 0.04372957205937527
7 0.0 0.40296110014990283 0.015419980972917285 0.0437262697061728
8 0.0 0.4031218618623273 0.015418401029342665 0.043728071475353646
9 0.0 0.4029770985967698 0.015421383222953897 0.04372141823390153
10 0.0 0.40316320467530253 0.015418648379986992 0.04372827350254897
11 0.0 0.40317071938872906 0.01541833063715575 0.04372754451771818
