2 0.0 0.05362346497571273 0.002300804997970607 0.006048233518341328
3 0.0 0.05362346686846412 0.0023008050794367397 0.006048233473549795
4 0.0 0.053623462545914304 0.002300804996198511 0.006048233404141285
5 0.0 0.05362346349082836 0.002300804891266629 0.00604823348604702
6 0.0 0.05362345910751397 0.002300804966959424 0.006048233488856884
7 0.0 0.053623465380578834 0.002300804867574355 0.006048233273805483
8 0.0 0.05362346533715425 0.002300805017721899 0.006048233567130736
9 0.0 0.05362344692960629 0.0023008046655115773 0.006048233606917948
10 0.0 0.05362346542228996 0.0023008049573475034 0.006048233399538234
11 0.0 0.053623463753694825 0.002300805068863196 0.006048233559300477
