2 0.0 0.13709476197304368 0.008366625560202047 0.02028406173735298
3 0.0 0.13708665888718927 0.008366316130611482 0.02028269354963331
4 0.0 0.1371095679120107 0.008368462226049133 0.020283819868194594
5 0.0 0.13708860028670253 0.0083662199011334 0.020284124125940415
6 0.0 0.13709902828643658 0.008367256561108266 0.02028469827886111
7 0.0 0.13710153990988141 0.008366719521790847 0.020283091348891783
8 0.0 0.13708937210409355 0.00836514807943024 0.02028271136069801
9 0.0 0.1370944942805681 0.008366055045527196 0.020284135155339725
10 0.0 0.13710219918329736 0.008367748758686261 0.020284676629525208
11 0.0 0.13710502555703125 0.008368077170074952 0.020285386273329008
