2 0.0 0.041335474322381806 0.0012110372019567858 0.0035908947601350737
3 0.0 0.04133547447257705 0.001211037147136306 0.003590894827293011
4 0.0 0.04133547408014435 0.0012110371711921328 0.003590894721930896
5 0.0 0.041335474549538134 0.0012110371658959201 0.0035908948029375644
6 0.0 0.041335474135826215 0.0012110371757048963 0.003590894784427489
7 0.0 0.04133547430831803 0.0012110372239609495 0.003590894736384928
8 0.0 0.04133547433640685 0.0012110371518732905 0.003590894820565875
9 0.0 0.041335474298195084 0.001211037180703877 0.00359089489390976
10 0.0 0.04133547433643615 0.0012110371460222762 0.003590894826391436
11 0.0 0.04133547434621388 0.0012110371700511978 0.003590894823112391
