2 0.0 0.25541542858924865 0.0035678659328184084 0.016213468959773023
3 0.0 0.25541548152961807 0.0035678663031789093 0.016213470766415633
4 0.0 0.2554154962684683 0.0035678663579514227 0.01621347135460776
5 0.0 0.25541543682181167 0.003567866089867272 0.016213469211106113
6 0.0 0.25541546335454185 0.003567866217097007 0.016213469662296805
7 0.0 0.2554154295961856 0.0035678654610884334 0.016213468404709646
8 0.0 0.25541543840754594 0.003567865636135839 0.016213468810982946
9 0.0 0.255415449251837 0.003567865834759014 0.01621346922679234
10 0.0 0.2554154349276931 0.003567865032480137 0.01621346787124331
11 0.0 0.25541544217495815 0.0035678656698280714 0.016213468997981928
