2 0.0 1.1529659773474117 0.009676614085788831 0.06837953554478515
3 0.0 1.1529659770950158 0.009676613961945706 0.06837953556529769
4 0.0 1.152965979411691 0.009676613965004053 0.06837953556265135
5 0.0 1.152965979401961 0.00967661377296128 0.06837953558469262
6 0.0 1.1529659789747695 0.009676613969087446 0.06837953556225537
7 0.0 1.1529659850766643 0.009676614178080516 0.06837953553474296
8 0.0 1.152965976402959 0.009676613975981083 0.06837953556232362
9 0.0 1.152965978269221 0.009676613991589932 0.06837953556025085
10 0.0 1.1529659799833627 0.00967661389617133 0.06837953557161483
11 0.0 1.1529659802396928 0.00967661421395059 0.06837953553600397
