2 0.1341024135982473 0.1341024135982473 0.1341024135982473 0.06705120679912364
3 0.0895853282714815 0.1556229864572932 0.12646213997161831 0.06370498528254269
4 0.0915149058541892 0.18084131485967994 0.1409727535989949 0.06563202144441208
5 0.074681890305257 0.18084742221336966 0.1390642597180945 0.061623077481907616
6 0.07354299743243374 0.18084640966676616 0.13612344400544318 0.05719510154013751
7 0.07314121615988609 0.21909276984346165 0.15291630916675977 0.06365742346364149
8 0.0730968785357411 0.2915175765505593 0.16697176323381077 0.07514186451927977
9 0.07350627379425145 0.3135725003369418 0.17299217437659556 0.07994865488906892
10 0.07350556318787597 0.3309824182637475 0.17847093045558535 0.07757320787237046
11 0.07350676818383493 0.31374911164826735 0.17388880947030913 0.0754828226868718
