2 0.07972919838042726 0.07972919838042726 0.07972919838042726 0.03986459919021363
3 0.06039342634010842 0.09606105694014214 0.07884492866484648 0.039029623894444344
4 0.05155962275826722 0.13000837675763824 0.08111718968782206 0.04177465192255471
5 0.04070285419664898 0.14321764773077053 0.08104267040724865 0.04169955984760805
6 0.04041667688756826 0.15457354021507486 0.08704064801693992 0.043544465156044425
7 0.03745524306564323 0.15469703618067798 0.08293546099965485 0.04095401602108132
8 0.0374552440245828 0.17834482004541857 0.08529931764801917 0.04332758721744983
9 0.03300219204086161 0.17822141810082306 0.08070830928193612 0.04112573467145102
10 0.022583102713533084 0.17882629388023993 0.07834553820778589 0.0410799672284514
11 0.022583102689262644 0.18716166394760683 0.07917399073179544 0.04168833577322663
