2 0.10011976103599357 0.10011976103599357 0.10011976103599357 0.050059880517996785
3 0.0867165536863307 0.1312194040349357 0.10609301401301707 0.0522718790007093
4 0.0718077268813892 0.1329308819639501 0.10189059958042919 0.04730976076396691
5 0.07188800693712431 0.15272075563765586 0.10754717135852196 0.04748120452212701
6 0.05983020287164745 0.17108202821845636 0.10941211572973432 0.0488521293316903
7 0.0598302038746715 0.1789432305689856 0.11234913898176083 0.04909094526742563
8 0.06013539997969521 0.1822764403248985 0.11473123075987939 0.049745365786539174
9 0.06013540062749007 0.20738337565216236 0.1187923128722942 0.05204916661495006
10 0.04230973900769251 0.2073833745381235 0.1141351741476544 0.04998871116072879
11 0.04230973883615124 0.21076769187691707 0.11414653413351059 0.04920185860039289
