2 0.0 0.706961663712309 0.002241454687211699 0.03964025919903728
3 0.0 0.7069730418037283 0.0022411976374334367 0.039640535015921914
4 0.0 0.7069741596383878 0.002241308466140108 0.03964043321239358
5 0.0 0.706966762615426 0.002241599205312134 0.03964017810618683
6 0.0 0.7069738121527074 0.0022413725355011982 0.03964036141870565
7 0.0 0.7069756717674042 0.0022413009148127857 0.03964053575249898
8 0.0 0.7069710972948484 0.0022416468414035826 0.03964055343185308
9 0.0 0.7069727482197663 0.0022419074323742766 0.039640367841308054
10 0.0 0.7069707611134657 0.002241212941288143 0.03964081426684314
11 0.0 0.7069727027784074 0.0022412436906516426 0.039640703584301634
