2 0.0 1.4137663228851374 0.0045278225677683375 0.0792738044544106
3 0.0 1.413765888849746 0.0045286768986248895 0.0792737681415991
4 0.0 1.413766304218946 0.004528849838578382 0.07927375070417678
5 0.0 1.4137659602961499 0.004527637726334142 0.07927382250756482
6 0.0 1.4137657347526953 0.004528726323697263 0.07927376749832611
7 0.0 1.4137660724252687 0.0045275102870040015 0.07927383100475746
8 0.0 1.4137659992371587 0.004527396896743148 0.07927383884109576
9 0.0 1.4137659515334555 0.00452871798344151 0.07927376107971917
10 0.0 1.413766156257094 0.004528142494402452 0.07927379243036742
11 0.0 1.4137660753142798 0.004528288711120613 0.07927379000079937
