2 0.0 0.7073611650275664 0.00280343334998634 0.03978858296555205
3 0.0 0.7073666287186567 0.0027844188133909933 0.03984561675275005
4 0.0 0.7076898331998202 0.0028504158468936323 0.039851966896624125
5 0.0 0.7076856983488833 0.002806122512132227 0.03974011322560117
6 0.0 0.7072377433396745 0.0028035346331215416 0.03977155857005674
7 0.0 0.707048122464042 0.0027733314393659104 0.039741016711216805
8 0.0 0.7070414719430013 0.0028023513961300535 0.03975253511592409
9 0.0 0.7073033963454565 0.002787526796619405 0.03974905431670358
10 0.0 0.7076061471700283 0.002793275877527431 0.03979477352298019
11 0.0 0.7076787777260655 0.0028028411120268556 0.039778422176905644
