2 0.0 1.4137846763870296 0.011881302693636728 0.09631247709142905
3 0.0 1.4137843468353235 0.01181766893149451 0.09632651354832897
4 0.0 1.4137854975522177 0.011716718981218975 0.09632922094406272
5 0.0 1.4137835567068266 0.011929560694018628 0.09631902890285131
6 0.0 1.4137813296338142 0.012083009136563084 0.09632581479418138
7 0.0 1.4137844413880911 0.011821655765854614 0.09632391197150177
8 0.0 1.4137802443435012 0.01213026347153832 0.09633572504120537
9 0.0 1.413784385193542 0.011784833910380276 0.09633006551554174
10 0.0 1.4137778812892379 0.01202907299296103 0.09638256053631995
11 0.0 1.4137835895254787 0.01182911480326855 0.09633019628878371
