2 0.0 1.413786956469477 0.05976713059811472 0.12370974950149752
3 0.0 1.4137852087427623 0.05941717309565623 0.12389470766898943
4 0.0 1.4137863520419154 0.057470041335573555 0.12479945761455837
5 0.0 1.4137862302566906 0.06021506550486656 0.1234994043793804
6 0.0 1.4137838857269893 0.06042299165782702 0.12341675183049584
7 0.0 1.4137848122035577 0.059354188026673006 0.12392855115117668
8 0.0 1.4137856863746914 0.0599320533182161 0.12364297570033524
9 0.0 1.4137855539666957 0.060689996691596526 0.12327215529715292
10 0.0 1.4137860675298923 0.060278023481134466 0.12346998125659718
11 0.0 1.4137860186651339 0.05824270959016768 0.12444527414967894
