2 0.0 0.9999848987349034 0.04478295764903175 0.06856602275373354
3 0.0 0.9999906550709962 0.043224836515282646 0.069839782379809
4 0.0 0.9999890701335458 0.04226536082020133 0.07024155199109898
5 0.0 0.99998802507477 0.04234364417903854 0.06975678203143726
6 0.0 0.9999849737453158 0.044835185816764704 0.06730741932261168
7 0.0 0.9999875663477458 0.04391844064060084 0.06857059553971226
8 0.0 0.9999916391836171 0.04214870652165477 0.06946684474717242
9 0.0 0.9999901403279048 0.043212010579072056 0.06894574576008651
10 0.0 0.9999898856346691 0.04445000265231126 0.06723204763333104
11 0.0 0.9999827682586345 0.043685343403784674 0.06585352854213433
