2 0.0 0.9999587847799302 0.002726290189028745 0.0485914857997471
3 0.0 0.999958957907407 0.002725792349700658 0.048591585683223144
4 0.0 0.9999581832910701 0.0027265223298769342 0.04859131887885593
5 0.0 0.9999587821217273 0.002725350375953971 0.048591597017323386
6 0.0 0.9999589220403722 0.002724780923901827 0.04859144633759349
7 0.0 0.9999585177659283 0.0027251533166349436 0.048591222621774885
8 0.0 0.9999586959698008 0.002725781720266068 0.04859152471120653
9 0.0 0.9999587578709066 0.002725438841029169 0.04859154661877422
10 0.0 0.9999585270291336 0.002726597236551118 0.04859141543335604
11 0.0 0.9999588896347921 0.002725712256245877 0.048591345674731695
