2 0.0 0.7079607949009646 0.023540949452590023 0.04264380966375673
3 0.0 0.7080226935871194 0.023530351738262553 0.04226227303639325
4 0.0 0.7080735995873855 0.02300720613870078 0.04258448310229879
5 0.0 0.7079870663993989 0.02311198275409948 0.04315873067269423
6 0.0 0.708027736487445 0.02300760877021803 0.04291604475191356
7 0.0 0.7080630608622752 0.02359179887567833 0.04269605185957613
8 0.0 0.7079462198771536 0.02294073839209873 0.043229826927618904
9 0.0 0.7078158484004773 0.022879283167942337 0.04344443512538953
10 0.0 0.707794559995614 0.022725692047303507 0.04370226885625057
11 0.0 0.7080855866768709 0.02296744374166229 0.043397723459799184
