2 0.0 0.9999833594665769 0.005734183596968028 0.052396962658610685
3 0.0 0.999990038467159 0.005699446197063225 0.05258210417263889
4 0.0 0.9999885305485725 0.005660241256512642 0.05207821955759718
5 0.0 0.9999864784293838 0.005735306548863264 0.052629488344448125
6 0.0 0.9999888822620028 0.005634098183252677 0.052180581265141385
7 0.0 0.9999840542192532 0.005861949707438099 0.052035226395937266
8 0.0 0.9999811791579442 0.005335203342522355 0.0505816953821816
9 0.0 0.9999888307153137 0.0055274856826781045 0.0516943744102043
10 0.0 0.9999880807394518 0.005718415978112423 0.052217271387450616
11 0.0 0.9999855280187526 0.0053797257039778345 0.05105387839459396
