2 0.7079442205707585 0.7079442205707585 0.7079442205707585 0.3539721102853792
3 0.7079445839996423 0.9999869305533017 0.8053137994506575 0.39591715173692216
4 0.06491774750033504 0.9999782308031481 0.650021301047856 0.37289947461834366
5 0.044468266363017234 0.9999864242604068 0.5477267807342484 0.362267834551964
6 0.03727961807024057 0.9999854281855028 0.4763340974652567 0.35317192772792705
7 0.023296081744168484 0.9999912605387832 0.42052502584065654 0.34584242044391994
8 0.021393696005534642 0.9999851425637026 0.37845324353733395 0.3375036134986348
9 0.022383793878901142 0.9999874277921836 0.37033460640620736 0.3212155466629568
10 0.020411931091403133 0.9999837852771009 0.3451753107204509 0.3130551904646801
11 0.019229329924991725 0.9999868588538326 0.3267364502470961 0.3044189375309775
