2 0.7079440805328383 0.7079440805328383 0.7079440805328383 0.35397204026641915
3 0.06220966712902485 0.7087518500695563 0.4931564615343728 0.34051465451553103
4 0.06526966057418601 0.9999911095535765 0.6500801252388274 0.3728509435386724
5 0.06559347850078036 0.999988890644436 0.5481799093693233 0.3613867348828415
6 0.07169261740856231 0.9999873387879477 0.47695412177789986 0.3514945054700036
7 0.0665067821654173 0.999985516030881 0.5041715408954398 0.3296841614385856
8 0.05982846496432049 0.9999866112273794 0.4585949227719797 0.32546038788259185
9 0.06311843067315229 0.9999889370543746 0.4126703976695094 0.31519741908040094
10 0.06616506014966579 0.999987850606974 0.419721274910589 0.29889617771093346
11 0.05995325800035595 0.9999900079951193 0.4336256550815384 0.28636358711465154
