2 0.7079989590388435 0.7079989590388435 0.7079989590388435 0.35399947951942173
3 0.7079334975559919 0.9999585010818006 0.8052976151834965 0.3959078293509638
4 0.0007223499426191343 0.999958619378974 0.6387976917247874 0.38223714128818714
5 0.0003562908310326322 0.9999588716590413 0.5249689155882262 0.37976075648571916
6 0.0003565526619984402 0.9999587881402427 0.4446352055842386 0.37562317945534907
7 0.00035617164933861143 0.9999587537489594 0.38515922701963146 0.3693155854051504
8 0.0003545878616887322 0.9999587482055096 0.3399441029825446 0.3616824156226495
9 0.00029065073563947185 0.9999589544357417 0.303892486179519 0.35364647197184723
10 0.00034057600756301644 0.9999580919200891 0.2748389771571044 0.34532255401711176
11 0.00029429789203488574 0.9999589105866244 0.25073737740499635 0.33725919540271077
