2 0.0 0.4418381890898741 0.0020822694999379433 0.024221093442370445
3 0.0 0.4417527900157608 0.0020828286122204875 0.02421941771771502
4 0.0 0.44174661684387406 0.0020822965808411794 0.024218239602754234
5 0.0 0.4419142780946048 0.002083486204338899 0.02422216049780148
6 0.0 0.4418211705277498 0.002084206832975084 0.024223402449565983
7 0.0 0.4417169821696132 0.002081509562560494 0.02421673698318377
8 0.0 0.4417536483613119 0.002082432723507618 0.024217638379454374
9 0.0 0.44187582751437837 0.0020817167430163108 0.024221873471277366
10 0.0 0.4416495286271636 0.002082559766269432 0.02421589189637111
11 0.0 0.4417780125579735 0.002082164002204989 0.024219055132681837
