2 0.0 1.4134531651298248 0.01002274541490682 0.09289744898533317
3 0.0 1.4134548467988155 0.0100224824702441 0.09289746740825937
4 0.0 1.4134551693316884 0.010021169606052451 0.09289761299302414
5 0.0 1.4134548142169405 0.01002038848602055 0.09289769718540047
6 0.0 1.413453808181681 0.010026260780053137 0.09289707439337959
7 0.0 1.4134549629453654 0.010024126873943547 0.09289728645928347
8 0.0 1.4134549911516814 0.01001919253238612 0.09289782104627158
9 0.0 1.4134538531042289 0.01002093110636831 0.09289764529472903
10 0.0 1.4134560027358598 0.010025439036004759 0.09289715288000246
11 0.0 1.4134550682973637 0.010024645059221404 0.09289723362189406
