2 0.0 0.9710182690979806 0.004359957774096547 0.047396599324704726
3 0.0 0.9710169910802591 0.004365081999079474 0.047398714709580424
4 0.0 0.9710031342182303 0.0043626461823595775 0.04739684436679311
5 0.0 0.9710152653827421 0.004358546175247775 0.047397982341274465
6 0.0 0.9710210216041034 0.004364480078444443 0.04739908205044143
7 0.0 0.9710147120013176 0.0043622536848340705 0.04739629061342458
8 0.0 0.9710146424368833 0.004362952821657144 0.04739792334118516
9 0.0 0.971008018638299 0.0043591332594190135 0.047397343576315205
10 0.0 0.9710358162417869 0.004366820946926539 0.047397084218301674
11 0.0 0.971015177967862 0.004364062920117594 0.04739749474420737
