2 0.0 0.7010977328990053 0.0031202342950925536 0.03925518845036707
3 0.0 0.7010953585379283 0.0031199053319780653 0.039255976957511485
4 0.0 0.7011237063497159 0.003117637829681221 0.039257305246353326
5 0.0 0.701105229326754 0.00311922128033679 0.039258614827123166
6 0.0 0.7011239883878312 0.0031183676668027765 0.03925624940768339
7 0.0 0.7011264982769099 0.003119461758813666 0.039258222628969386
8 0.0 0.7011225689614625 0.0031182270305926112 0.039259331692459154
9 0.0 0.7011186748074086 0.0031188309766709346 0.039257273103721506
10 0.0 0.7011004598825112 0.0031181228856164214 0.03925748983406569
11 0.0 0.7010881935772091 0.003121566076537867 0.039257855693000346
