2 0.0 1.0430359036471564 0.008331617457294221 0.07424330358311894
3 0.0 1.0428826583643807 0.008331711030939562 0.07424329098756324
4 0.0 1.0428091612425028 0.008332391976054006 0.07424322898130341
5 0.0 1.0428699561515704 0.008329267242634154 0.07424357164922869
6 0.0 1.0428609958824302 0.008328440114233513 0.07424366743359537
7 0.0 1.0428787835173077 0.008332026814690374 0.0742432653739138
8 0.0 1.0429535602313655 0.008338286489691427 0.07424257065107638
9 0.0 1.0429007555359509 0.008332624270620176 0.07424320493003372
10 0.0 1.0428937993553105 0.00833111567294278 0.07424336373934243
11 0.0 1.0425289172412504 0.008335522543567028 0.07424287427260265
