2 0.0 1.4139654148221885 0.017253235252032467 0.133772889522613
3 0.0 1.4139652188011158 0.017253605727430146 0.13377284430511655
4 0.0 1.4139679910393832 0.017260850158109475 0.1337719081594693
5 0.0 1.4139661622967072 0.017250784130990134 0.133773202190883
6 0.0 1.4139657727318007 0.017273644410900124 0.13377025569812231
7 0.0 1.4139658102007995 0.01725223044462974 0.13377302194735105
8 0.0 1.4139661871208855 0.017259605338368372 0.133772064132435
9 0.0 1.4139646910149632 0.01725776108164414 0.13377231653098529
10 0.0 1.4139665012691036 0.017253352047214638 0.1337728663559829
11 0.0 1.4139657989867334 0.01725588053102896 0.1337725481405917
