2 0.0 0.9712054857806504 0.004860743321318554 0.051291811563253235
3 0.0 0.971205237392628 0.004860993925914914 0.05129137915335203
4 0.0 0.9712054237328744 0.004864453522571531 0.05129122674077131
5 0.0 0.9712074842996368 0.004858906757731914 0.05129138566565244
6 0.0 0.9712046670693998 0.004862701071599482 0.05129079494845184
7 0.0 0.9712049877878223 0.004865676820039466 0.05129121132536663
8 0.0 0.9712083041863423 0.004860784140821464 0.05129213222912551
9 0.0 0.9712064986740975 0.004859644390904989 0.051291648168136715
10 0.0 0.9712097547861658 0.004859840184167906 0.05129137177457849
11 0.0 0.9712085558316441 0.004860989206536339 0.05129139256472382
