2 0.0 0.9997625059247163 0.009987206041394718 0.08525705529350501
3 0.0 0.999761425778287 0.009976570531477937 0.08525744378990227
4 0.0 0.9997609483899513 0.009977215322338275 0.0852568438123935
5 0.0 0.9997606390166561 0.009984929493648735 0.08525829579292397
6 0.0 0.9997613667277646 0.00998429622363844 0.08525812045728715
7 0.0 0.999761508293719 0.009986854269668196 0.08525444127029293
8 0.0 0.9997593560367983 0.009990725181738613 0.08525550459496144
9 0.0 0.9997567762366336 0.009979574975552668 0.08525707023653599
10 0.0 0.9997620045443929 0.009995185718979064 0.08525489814386604
11 0.0 0.9997616789206905 0.009998698911082293 0.08525556324124016
