2 0.0 0.7065286684309833 0.006481564715548369 0.060957748162775265
3 0.0 0.7065219066423781 0.00648354491209259 0.06095497354885404
4 0.0 0.7065198989536557 0.006484473005132706 0.060958101020800556
5 0.0 0.7065157807394961 0.006486508384506571 0.06095533976013594
6 0.0 0.706534315118311 0.006482018450416428 0.06095669912034172
7 0.0 0.7065387027412673 0.006481209780004053 0.06095618948013416
8 0.0 0.7065256663215689 0.0064828611961373645 0.06095640496862545
9 0.0 0.7065092037090144 0.0064870447961281035 0.06095447369273187
10 0.0 0.7065407067837779 0.0064817923970154215 0.0609551292466722
11 0.0 0.706525442569296 0.0064814667309704725 0.060955223600041214
