2 0.7078431767844662 0.7078431767844662 0.7078431767844662 0.3539215883922331
3 0.6722682125191252 0.9711996682844326 0.7837766532189602 0.3851782801237113
4 0.06802958877926304 0.9712156462608041 0.6341108875161646 0.36255920097892347
5 0.043044394004797544 0.9712077337971936 0.5363773397887537 0.35166456819300607
6 0.04304430297469461 0.9712052042302612 0.5117642131301412 0.3380477530792981
7 0.03326461057147024 0.9712078722033578 0.45349542922594743 0.330058152232202
8 0.032786478420733345 0.9712068440952364 0.4058048397366608 0.3240196336105467
9 0.03278277176899373 0.9712049813870418 0.38950439908370377 0.3086784177850805
10 0.012408959578946567 0.9712103736308355 0.35714136170516664 0.3038360077971397
11 0.012413091042340075 0.9712099350641323 0.33387682784633194 0.2963359669446224
