2 0.5222445510815645 0.5222445510815645 0.5222445510815645 0.26112227554078227
3 0.06806376343940634 0.5249831115518988 0.3718289677955111 0.24795607316803575
4 0.06800915840231997 0.9710121327470468 0.4986130545774656 0.31360253254911064
5 0.0429628667607595 0.971020200448887 0.41443288073956913 0.28791724412740227
6 0.03319233147558872 0.9710136146598874 0.3571715919727199 0.27164773098926676
7 0.033192454404403916 0.9710174964616158 0.33652873004422473 0.2506637213676467
8 0.03280109226956681 0.9710159803945686 0.3249671767534789 0.23610023164811497
9 0.03264069658122624 0.9710164271923956 0.29705157819783673 0.22885986173762193
10 0.012316180045196353 0.9710174407683302 0.27289997915787495 0.22341224379466368
11 0.011153650685903623 0.9710197446050455 0.2518650291099416 0.21881207413452533
