2 0.7077133812135952 0.7077133812135952 0.7077133812135952 0.3538566906067976
3 0.7077174488308215 0.9997539011724474 0.8051910348976525 0.395843611073488
4 0.7073456797788409 0.9997639310148354 0.8537124026439931 0.39069110618171793
5 0.7056544154344565 0.9997611937367821 0.8821567118537214 0.37528218801573915
6 0.7011145303318711 0.999762673475023 0.9000808164677266 0.3580801841276348
7 0.06869817420480723 0.999761102049205 0.8149377190593535 0.34975408211183623
8 0.04414281446699535 0.9997620166254376 0.7446730250611672 0.349877332112474
9 0.033216339460881046 0.9997620402601346 0.6817466329809031 0.35624895810667984
10 0.03321625413265964 0.9997629256258219 0.64722454464259 0.3475844498292617
11 0.03321673573962919 0.9997621722405315 0.602565662596279 0.3509817540121597
