[4084.0, 4036.0, 3998.0, 3972.0, 3970.0, 3966.0, 3964.0, 3962.0, 3960.0, 3958.0, 3956.0, 3954.0, 3952.0, 3950.0, 3948.0, 405.0, 369.0, 324.0]
Old maximum Sim:  4084.0
New maximum sim:  4084.0
[4084.0, 4036.0, 3998.0, 3972.0, 3970.0, 3966.0, 3964.0, 3962.0, 3960.0, 3958.0, 3956.0, 3954.0, 3952.0, 3950.0, 3948.0, 405.0, 369.0, 324.0]
2 0.0 0.9999807773256153 0.005812135797906982 0.05251032289770168
[4084.0, 4036.0, 3998.0, 3972.0, 3970.0, 3966.0, 3964.0, 3962.0, 3960.0, 3958.0, 3956.0, 3954.0, 3952.0, 3950.0, 3948.0, 405.0, 369.0, 324.0]
Old maximum Sim:  4084.0
New maximum sim:  4084.0
[4084.0, 4036.0, 3998.0, 3972.0, 3970.0, 3966.0, 3964.0, 3962.0, 3960.0, 3958.0, 3956.0, 3954.0, 3952.0, 3950.0, 3948.0, 405.0, 369.0, 324.0]
3 0.0 0.9999904790873374 0.005728657744335481 0.053125490816439615
[4084.0, 4036.0, 3998.0, 3972.0, 3970.0, 3966.0, 3964.0, 3962.0, 3960.0, 3958.0, 3956.0, 3954.0, 3952.0, 3950.0, 3948.0, 405.0, 369.0, 324.0]
Old maximum Sim:  4084.0
New maximum sim:  4084.0
[4084.0, 4036.0, 3998.0, 3972.0, 3970.0, 3966.0, 3964.0, 3962.0, 3960.0, 3958.0, 3956.0, 3954.0, 3952.0, 3950.0, 3948.0, 405.0, 369.0, 324.0]
4 0.0 0.9999901175072573 0.00566052517439778 0.05250747353910063
[4084.0, 4036.0, 3998.0, 3972.0, 3970.0, 3966.0, 3964.0, 3962.0, 3960.0, 3958.0, 3956.0, 3954.0, 3952.0, 3950.0, 3948.0, 405.0, 369.0, 324.0]
Old maximum Sim:  4084.0
New maximum sim:  4084.0
[4084.0, 4036.0, 3998.0, 3972.0, 3970.0, 3966.0, 3964.0, 3962.0, 3960.0, 3958.0, 3956.0, 3954.0, 3952.0, 3950.0, 3948.0, 405.0, 369.0, 324.0]
5 0.0 0.9999794671949704 0.005898181641113436 0.052992379317358985
