[4084.0, 4036.0, 3998.0, 3972.0, 3970.0, 3966.0, 3964.0, 3962.0, 3960.0, 3958.0, 3956.0, 3954.0, 3952.0, 3950.0, 3948.0, 405.0, 369.0, 324.0]
Old maximum Sim:  4084.0
New maximum sim:  4084.0
[4084.0, 4036.0, 3998.0, 3972.0, 3970.0, 3966.0, 3964.0, 3962.0, 3960.0, 3958.0, 3956.0, 3954.0, 3952.0, 3950.0, 3948.0, 405.0, 369.0, 324.0]
2 0.0 0.7077028919514257 0.0028198087521288523 0.03996886269650557
[4084.0, 4036.0, 3998.0, 3972.0, 3970.0, 3966.0, 3964.0, 3962.0, 3960.0, 3958.0, 3956.0, 3954.0, 3952.0, 3950.0, 3948.0, 405.0, 369.0, 324.0]
Old maximum Sim:  4084.0
New maximum sim:  4084.0
[4084.0, 4036.0, 3998.0, 3972.0, 3970.0, 3966.0, 3964.0, 3962.0, 3960.0, 3958.0, 3956.0, 3954.0, 3952.0, 3950.0, 3948.0, 405.0, 369.0, 324.0]
3 0.0 0.7070317039417328 0.002840207449629106 0.03973120428599323
[4084.0, 4036.0, 3998.0, 3972.0, 3970.0, 3966.0, 3964.0, 3962.0, 3960.0, 3958.0, 3956.0, 3954.0, 3952.0, 3950.0, 3948.0, 405.0, 369.0, 324.0]
Old maximum Sim:  4084.0
New maximum sim:  4084.0
[4084.0, 4036.0, 3998.0, 3972.0, 3970.0, 3966.0, 3964.0, 3962.0, 3960.0, 3958.0, 3956.0, 3954.0, 3952.0, 3950.0, 3948.0, 405.0, 369.0, 324.0]
4 0.0 0.7076868706002926 0.0028353424688445355 0.039853182948356415
[4084.0, 4036.0, 3998.0, 3972.0, 3970.0, 3966.0, 3964.0, 3962.0, 3960.0, 3958.0, 3956.0, 3954.0, 3952.0, 3950.0, 3948.0, 405.0, 369.0, 324.0]
Old maximum Sim:  4084.0
New maximum sim:  4084.0
[4084.0, 4036.0, 3998.0, 3972.0, 3970.0, 3966.0, 3964.0, 3962.0, 3960.0, 3958.0, 3956.0, 3954.0, 3952.0, 3950.0, 3948.0, 405.0, 369.0, 324.0]
5 0.0 0.7071191520783588 0.0028143118566609157 0.03981510008759094
