[4084.0, 4036.0, 3998.0, 3972.0, 3970.0, 3966.0, 3964.0, 3962.0, 3960.0, 3958.0, 3956.0, 3954.0, 3952.0, 3950.0, 3948.0, 405.0, 369.0, 324.0]
Old maximum Sim:  4084.0
New maximum sim:  4084.0
[4084.0, 4036.0, 3998.0, 3972.0, 3970.0, 3966.0, 3964.0, 3962.0, 3960.0, 3958.0, 3956.0, 3954.0, 3952.0, 3950.0, 3948.0, 405.0, 369.0, 324.0]
2 0.7079440145204577 0.7079440145204577 0.7079440145204577 0.35397200726022887
[4084.0, 4036.0, 3998.0, 3972.0, 3970.0, 3966.0, 3964.0, 3962.0, 3960.0, 3958.0, 3956.0, 3954.0, 3952.0, 3950.0, 3948.0, 405.0, 369.0, 324.0]
Old maximum Sim:  4084.0
New maximum sim:  4084.0
[4084.0, 4036.0, 3998.0, 3972.0, 3970.0, 3966.0, 3964.0, 3962.0, 3960.0, 3958.0, 3956.0, 3954.0, 3952.0, 3950.0, 3948.0, 405.0, 369.0, 324.0]
3 0.06419942548995244 0.7091752643429914 0.49389002011788796 0.3402217413348667
[4084.0, 4036.0, 3998.0, 3972.0, 3970.0, 3966.0, 3964.0, 3962.0, 3960.0, 3958.0, 3956.0, 3954.0, 3952.0, 3950.0, 3948.0, 405.0, 369.0, 324.0]
Old maximum Sim:  4084.0
New maximum sim:  4084.0
[4084.0, 4036.0, 3998.0, 3972.0, 3970.0, 3966.0, 3964.0, 3962.0, 3960.0, 3958.0, 3956.0, 3954.0, 3952.0, 3950.0, 3948.0, 405.0, 369.0, 324.0]
4 0.06360337437936081 0.9999897488141423 0.6497292941388467 0.37305435093093425
[4084.0, 4036.0, 3998.0, 3972.0, 3970.0, 3966.0, 3964.0, 3962.0, 3960.0, 3958.0, 3956.0, 3954.0, 3952.0, 3950.0, 3948.0, 405.0, 369.0, 324.0]
Old maximum Sim:  4084.0
New maximum sim:  4084.0
[4084.0, 4036.0, 3998.0, 3972.0, 3970.0, 3966.0, 3964.0, 3962.0, 3960.0, 3958.0, 3956.0, 3954.0, 3952.0, 3950.0, 3948.0, 405.0, 369.0, 324.0]
5 0.06542531648387567 0.9999883512065608 0.5484290046183065 0.3612319239951561
[4084.0, 4036.0, 3998.0, 3972.0, 3970.0, 3966.0, 3964.0, 3962.0, 3960.0, 3958.0, 3956.0, 3954.0, 3952.0, 3950.0, 3948.0, 405.0, 369.0, 324.0]
Old maximum Sim:  4084.0
New maximum sim:  4084.0
[4084.0, 4036.0, 3998.0, 3972.0, 3970.0, 3966.0, 3964.0, 3962.0, 3960.0, 3958.0, 3956.0, 3954.0, 3952.0, 3950.0, 3948.0, 405.0, 369.0, 324.0]
6 0.06918705780309332 0.9999920883451968 0.47811973328891827 0.35080835152995754
[4084.0, 4036.0, 3998.0, 3972.0, 3970.0, 3966.0, 3964.0, 3962.0, 3960.0, 3958.0, 3956.0, 3954.0, 3952.0, 3950.0, 3948.0, 405.0, 369.0, 324.0]
Old maximum Sim:  4084.0
New maximum sim:  4084.0
[4084.0, 4036.0, 3998.0, 3972.0, 3970.0, 3966.0, 3964.0, 3962.0, 3960.0, 3958.0, 3956.0, 3954.0, 3952.0, 3950.0, 3948.0, 405.0, 369.0, 324.0]
7 0.06949127392443509 0.9999888454408582 0.5143304489736577 0.332360203852423
[4084.0, 4036.0, 3998.0, 3972.0, 3970.0, 3966.0, 3964.0, 3962.0, 3960.0, 3958.0, 3956.0, 3954.0, 3952.0, 3950.0, 3948.0, 405.0, 369.0, 324.0]
Old maximum Sim:  4084.0
New maximum sim:  4084.0
[4084.0, 4036.0, 3998.0, 3972.0, 3970.0, 3966.0, 3964.0, 3962.0, 3960.0, 3958.0, 3956.0, 3954.0, 3952.0, 3950.0, 3948.0, 405.0, 369.0, 324.0]
8 0.05964139836598741 0.9999886082718915 0.5124554232804954 0.30912412249273324
[4084.0, 4036.0, 3998.0, 3972.0, 3970.0, 3966.0, 3964.0, 3962.0, 3960.0, 3958.0, 3956.0, 3954.0, 3952.0, 3950.0, 3948.0, 405.0, 369.0, 324.0]
Old maximum Sim:  4084.0
New maximum sim:  4084.0
[4084.0, 4036.0, 3998.0, 3972.0, 3970.0, 3966.0, 3964.0, 3962.0, 3960.0, 3958.0, 3956.0, 3954.0, 3952.0, 3950.0, 3948.0, 405.0, 369.0, 324.0]
9 0.0672052481124889 0.9999899394369238 0.40970262971143917 0.31472639415287745
[4084.0, 4036.0, 3998.0, 3972.0, 3970.0, 3966.0, 3964.0, 3962.0, 3960.0, 3958.0, 3956.0, 3954.0, 3952.0, 3950.0, 3948.0, 405.0, 369.0, 324.0]
Old maximum Sim:  4084.0
New maximum sim:  4084.0
[4084.0, 4036.0, 3998.0, 3972.0, 3970.0, 3966.0, 3964.0, 3962.0, 3960.0, 3958.0, 3956.0, 3954.0, 3952.0, 3950.0, 3948.0, 405.0, 369.0, 324.0]
10 0.059963788255076034 0.9999884815331704 0.4614239706473993 0.2902150350902694
[4084.0, 4036.0, 3998.0, 3972.0, 3970.0, 3966.0, 3964.0, 3962.0, 3960.0, 3958.0, 3956.0, 3954.0, 3952.0, 3950.0, 3948.0, 405.0, 369.0, 324.0]
Old maximum Sim:  4084.0
New maximum sim:  4084.0
[4084.0, 4036.0, 3998.0, 3972.0, 3970.0, 3966.0, 3964.0, 3962.0, 3960.0, 3958.0, 3956.0, 3954.0, 3952.0, 3950.0, 3948.0, 405.0, 369.0, 324.0]
11 0.062479035837094105 0.9999913077346405 0.424219469052692 0.2848109660457938
