2 0.0 0.2554154455113665 0.003567865727405349 0.01621346904610889
3 0.0 0.2554154463456049 0.0035678659570820247 0.016213468877874667
4 0.0 0.2554154361329944 0.003567865627482065 0.016213468741331998
5 0.0 0.2554154524437091 0.0035678658921325587 0.016213469427880767
6 0.0 0.25541544150140927 0.0035678655968192172 0.016213468840263326
7 0.0 0.2554154440324542 0.0035678655999321395 0.016213468922474984
8 0.0 0.25541546823086175 0.0035678657438295317 0.01621347004309881
9 0.0 0.25541544297769725 0.0035678656842662304 0.016213468977892352
10 0.0 0.25541543457724997 0.0035678655649436374 0.016213468481032875
11 0.0 0.2554154458854437 0.0035678657251953243 0.016213469040604854
