2 0.0 0.13709739472850585 0.008367211908366434 0.020283404444623863
3 0.0 0.13709816363375474 0.008367075194310607 0.02028417106330527
4 0.0 0.13710180502005895 0.008367197196312983 0.02028402512296805
5 0.0 0.13709052527602764 0.008366728261014457 0.02028387096467431
6 0.0 0.13709281461991601 0.00836649961446362 0.020283499108391063
7 0.0 0.13709378158428043 0.008365368616715123 0.020282571023819567
8 0.0 0.137093037849642 0.00836649796405229 0.02028390197650061
9 0.0 0.13710401207803152 0.008368620157980997 0.02028407462059211
10 0.0 0.13709612224033652 0.008366312848348524 0.020284876262505493
11 0.0 0.1370924980535213 0.008366273255351532 0.020283690048833642
