2 0.0 1.1529659709024696 0.009676614162701953 0.06837953554159958
3 0.0 1.1529659765648017 0.009676613946749554 0.0683795355648231
4 0.0 1.152965978010524 0.00967661394995918 0.06837953556302484
5 0.0 1.1529659773909342 0.009676613919776516 0.06837953556701788
6 0.0 1.1529659783880317 0.00967661367755441 0.06837953560210171
7 0.0 1.152965976483447 0.00967661397721396 0.06837953556100207
8 0.0 1.152965983103921 0.009676613861266871 0.06837953558402492
9 0.0 1.1529659777918033 0.009676613947360597 0.06837953556354316
10 0.0 1.152965977597962 0.009676614019360603 0.06837953555367766
11 0.0 1.1529659758818154 0.009676613815969048 0.06837953558242581
