2 0.0 1.3227459592630482 0.031412598904768774 0.1274293279052152
3 0.0 1.322745315381221 0.03141206883729753 0.1274294647228709
4 0.0 1.3227461705268586 0.031412645021880146 0.12742932550430727
5 0.0 1.3227459381871152 0.03141196111508004 0.1274294766580474
6 0.0 1.3227464755247231 0.03140998618612834 0.12742999062309088
7 0.0 1.3227452612978454 0.0314019668993493 0.12743194119496984
8 0.0 1.3227456203025323 0.03140109373095543 0.12743219885445525
9 0.0 1.322746194313554 0.03140426180392304 0.12743138800304776
10 0.0 1.3227459503950523 0.031403794147325505 0.12743146012826817
11 0.0 1.3227457746236426 0.03141355755848291 0.12742910833931134
