2 0.0 0.05362345731425236 0.0023008046773446635 0.00604823327632837
3 0.0 0.053623465800060804 0.0023008048763751097 0.006048233343688335
4 0.0 0.05362346335889429 0.002300804878107069 0.006048233466457326
5 0.0 0.05362346537193327 0.0023008049457875724 0.006048233391822035
6 0.0 0.053623459971590494 0.0023008049223163267 0.006048233659744051
7 0.0 0.05362345987443599 0.00230080484842922 0.006048233650188062
8 0.0 0.05362346256948005 0.0023008051101884234 0.006048233658639121
9 0.0 0.053623461426210474 0.0023008047778644547 0.006048232981076434
10 0.0 0.053623470531945196 0.002300804983655742 0.006048233302986117
11 0.0 0.05362346249702684 0.002300805018290416 0.006048233467286524
