2 0.0 0.40305364970803825 0.015419474300688444 0.04372831561325789
3 0.0 0.4030133905570014 0.015415850580285774 0.04372711936744914
4 0.0 0.40304762414826933 0.01542163020870996 0.04372902326904057
5 0.0 0.40320626766044787 0.015422025957971873 0.04373223586568762
6 0.0 0.40308091155665204 0.015418844853661061 0.04372553383722786
7 0.0 0.403056538817873 0.01541827169287091 0.04372638993923397
8 0.0 0.4029001462318894 0.015413612616440127 0.04371883328904806
9 0.0 0.4031126487886393 0.015421679369408055 0.04372850293905256
10 0.0 0.4030532556820053 0.015419272150875919 0.043724106943297474
11 0.0 0.40325143014498227 0.015498654551646769 0.04418678227289202
