2 0.0 0.264176416815654 0.005797156303165812 0.02110991716048847
3 0.0 0.2641764220486907 0.005797156589120914 0.02110991780875218
4 0.0 0.26417642478008707 0.005797155989433419 0.02110991694030057
5 0.0 0.2641764216114359 0.005797156317864318 0.021109917837140033
6 0.0 0.26417641672050063 0.005797156701409024 0.021109917566510247
7 0.0 0.2641764244596427 0.0057971565756480105 0.02110991781572774
8 0.0 0.2641764223746464 0.005797156191316866 0.021109917437836693
9 0.0 0.2641764203336389 0.005797156457092897 0.021109917547564385
10 0.0 0.26417640418260424 0.005797156772530117 0.02110991757353791
11 0.0 0.26417642149277243 0.005797156445762413 0.02110991731903644
