2 0.0 1.234548446332745 0.014380024880279172 0.08723996325558647
3 0.0 1.2345484454238778 0.014380024942711804 0.08723996325464863
4 0.0 1.2345484444315247 0.014380025083553379 0.08723996321996995
5 0.0 1.2345484463603775 0.014380025102196839 0.08723996321955957
6 0.0 1.234548445523707 0.014380024905600074 0.08723996322449623
7 0.0 1.234548442759414 0.01438002467947726 0.08723996330618596
8 0.0 1.2345484464757752 0.01438002510877929 0.08723996321667452
9 0.0 1.234548444991817 0.01438002516206773 0.08723996324193364
10 0.0 1.234548449045234 0.014380024420066723 0.08723996336862415
11 0.0 1.2345484417084676 0.014380024991460278 0.08723996323067382
