2 0.0 0.041335474132675305 0.0012110371054935168 0.0035908947901122927
3 0.0 0.04133547441477111 0.001211037160937786 0.0035908948172841165
4 0.0 0.041335474363059864 0.0012110371394767753 0.003590894808067021
5 0.0 0.04133547431855599 0.0012110371764536521 0.0035908948647704318
6 0.0 0.041335474265460845 0.0012110371823602193 0.00359089476576411
7 0.0 0.04133547413597095 0.0012110371359546977 0.0035908948499298464
8 0.0 0.04133547448481496 0.0012110371794474618 0.0035908948586509818
9 0.0 0.04133547446670541 0.0012110372338041831 0.003590894808399394
10 0.0 0.0413354741958417 0.0012110371627350233 0.003590894784498992
11 0.0 0.04133547462909878 0.0012110373059629812 0.0035908949952663063
