2 0.07972919835001155 0.07972919835001155 0.07972919835001155 0.039864599175005774
3 0.06039342628395017 0.09606105708414467 0.07884492875131856 0.039029623954485414
4 0.05155962231283976 0.13000837682188415 0.08111718973263553 0.04177465203327734
5 0.04070285488363971 0.14321764864699355 0.08104267047867524 0.041699560014948046
6 0.04041667601432263 0.1545735381074996 0.08704064734214528 0.04354446458302599
7 0.037455243112128604 0.15469703627690626 0.08293546097300437 0.040954016014019816
8 0.037455241028462156 0.17834482445152847 0.08529931805920572 0.04332758797272164
9 0.03300219205533427 0.17822141867697883 0.0807083093401533 0.041125734778859405
10 0.022583102661957486 0.1788262954199957 0.07834553820120821 0.04107996747397079
11 0.022583102673541213 0.18716166313295873 0.07917399062837198 0.04168833558523326
