2 0.10011976094576698 0.10011976094576698 0.10011976094576698 0.05005988047288349
3 0.08671655370750998 0.1312194039230218 0.10609301399688435 0.05227187897869886
4 0.0718077270405961 0.13293088198337885 0.10189059971329299 0.04730976079146687
5 0.07188800729347188 0.152720756610467 0.10754717172457355 0.04748120467084043
6 0.05983020099449233 0.17108202747240203 0.10941211550313584 0.04885212926444978
7 0.05983020264557422 0.17894323040005747 0.1123491389541733 0.04909094526658859
8 0.06013539833889111 0.1822764392541562 0.11473123031687689 0.04974536543353913
9 0.06013540719264914 0.2073833854613349 0.1187923138191205 0.052049167324836464
10 0.042309739184307985 0.20738337152437036 0.11413517378873848 0.04998871088924659
11 0.042309738896062946 0.21076769893429337 0.11414653545581621 0.04920185939441434
