2 0.13410245446652153 0.13410245446652153 0.13410245446652153 0.06705122723326076
3 0.08958624104686586 0.15562466993555849 0.12646302372882265 0.06370543045390356
4 0.09149698698100862 0.18084927583503885 0.14097099039149455 0.06563409471578714
5 0.07468338722045458 0.1808462649695348 0.13906444793972508 0.06162296909298894
6 0.07354334762556801 0.18084609910974014 0.13612514932392236 0.05719520726839436
7 0.07313907188027914 0.21909062726579448 0.1529126672500966 0.06365504572851169
8 0.07309634923276677 0.2915195636498408 0.16697156112695274 0.07514344819104356
9 0.07350492152987616 0.31354536678032097 0.17298407532078752 0.07993932877106466
10 0.07350739916714522 0.31565531030645994 0.17884294782158602 0.07850492920617337
11 0.07309750797049283 0.3100714454757719 0.17487901655456684 0.07126649297401326
