2 0.09901259873658545 0.09901259873658545 0.09901259873658545 0.049506299368292726
3 0.07262300377924041 0.11401205812107015 0.09732073819552167 0.04812947122564964
4 0.07410167858766871 0.132442750079447 0.10219326860225945 0.04718716940880174
5 0.07409785501182911 0.148719680001901 0.10748292169384518 0.04710038736131656
6 0.06101682945854055 0.1688061433420296 0.10945662153017893 0.048516734193545345
7 0.05792836865167202 0.17357143226548263 0.11069254209157033 0.04801810795274498
8 0.06110741774389663 0.1955232074191836 0.1196655451501371 0.05274196260448792
9 0.04204637613904115 0.19543908818234268 0.1146464134143346 0.05064857662241001
10 0.04196803056431839 0.22035498759918984 0.11584632071549669 0.05120683850402676
11 0.04199943675561147 0.22041909788879277 0.11920110557299335 0.05249382125431097
