2 0.06402367955444695 0.06402367955444695 0.06402367955444695 0.03201183977722347
3 0.06443511510162646 0.09696038560121414 0.08326133025849729 0.040827080823585285
4 0.052694245391294 0.12176206716008604 0.07884562725853055 0.039328294628715434
5 0.0517765534188608 0.12261833177191343 0.07978832232460867 0.038006354904594655
6 0.05087764844958326 0.16203423287106572 0.08681777082980098 0.0433546994018151
7 0.047787450757407084 0.21268270046710255 0.09923464391029053 0.05289375425010559
8 0.043559193414387194 0.25047207464990134 0.10811427633000992 0.060045366478984744
9 0.03268702736841317 0.2504063896276918 0.10395929726339576 0.05748176716061477
10 0.022283637766827322 0.25052093621580246 0.09757752610052274 0.05482963168249118
11 0.02482674415387146 0.250609782541494 0.09401163087069027 0.053627416407018645
