2 0.10953562974825236 0.10953562974825236 0.10953562974825236 0.05476781487412618
3 0.08707465853166066 0.47043664633251575 0.3390775707600678 0.21617339173423053
4 0.07405428063618436 0.4886772267274283 0.2918870209691163 0.2072970808121816
5 0.08787515892777026 0.4792900198340909 0.2667024343562923 0.18446936273633432
6 0.07427978714292521 0.4880159998526937 0.2407165197249199 0.1781192147199821
7 0.07459728249388362 0.48283899208956943 0.22681220837516636 0.16539804716121018
8 0.07149971292003081 0.5926660767311713 0.23442737030046332 0.15613004692593943
9 0.07457604783069703 0.590513108004839 0.25982726588295835 0.16880460455689988
10 0.07493018627181977 0.5936127349400355 0.27399424465198874 0.16491109817605898
11 0.07098238696027115 0.5959555577376605 0.2763945710751058 0.1624919725431886
