2 0.0 0.9998376977283292 0.01035056555092525 0.08504347197831563
3 0.0 0.9998318911969326 0.010464993759980713 0.08487329555767424
4 0.0 0.9998207486694274 0.010341494440329575 0.08495120202557709
5 0.0 0.999826089723759 0.01041455076852028 0.0850273349416365
6 0.0 0.9998320238843663 0.010494042862595988 0.08499770129687186
7 0.0 0.999830817703053 0.010083135640729733 0.0847103680359632
8 0.0 0.999838684238149 0.010119771329307088 0.08478115486365173
9 0.0 0.9998326015200929 0.010433142262635234 0.08464417292854728
10 0.0 0.9998256824379519 0.010067144520539797 0.08485435216295682
11 0.0 0.9998474885479715 0.010357368453328701 0.08491436044617497
