2 0.0 0.7025452691557127 0.0022536034224996592 0.039312120536954105
3 0.0 0.7025409704769909 0.002252907837446822 0.03931331410842504
4 0.0 0.7025341673118687 0.0022527872016349635 0.03931281544171889
5 0.0 0.7025339757191488 0.0022524624245030996 0.039310814022805333
6 0.0 0.702552357388803 0.0022525370682208792 0.03931319814144693
7 0.0 0.702541448856306 0.002253172174969317 0.03931286403097328
8 0.0 0.7025480958656835 0.002252596051135301 0.039312855389362786
9 0.0 0.7025418120924979 0.0022526811209448217 0.03931143255018462
10 0.0 0.7025403463260601 0.002253128865920588 0.039312418418495296
11 0.0 0.7025490267564977 0.0022522098309745242 0.03931230464226387
