2 0.0 1.4134528965262367 0.004711010563351306 0.07926262272992785
3 0.0 1.413454047924289 0.004713048213509056 0.07926246814754037
4 0.0 1.4134557399681793 0.004713850307940803 0.07926247412075806
5 0.0 1.4134525970489316 0.00471077218528626 0.07926264096087973
6 0.0 1.4134531486824644 0.004712164497367623 0.07926254742536434
7 0.0 1.4134526646609964 0.0047106865929388885 0.07926264080832628
8 0.0 1.4134538899562687 0.004711544608477683 0.07926256537299269
9 0.0 1.4134531244221833 0.004713053368323573 0.07926250195422162
10 0.0 1.4134525159327527 0.0047106975889303045 0.07926265550050024
11 0.0 1.4134526739335103 0.004712437507405127 0.07926254945418239
