2 0.0 1.4135655011157742 0.00787812471835804 0.09685908150129914
3 0.0 1.4135657076018393 0.007834895608585015 0.0968629577934829
4 0.0 1.4135666535651796 0.00783014227067333 0.09686191305984201
5 0.0 1.413565312431613 0.007859030101242982 0.09686129292009248
6 0.0 1.413565949888446 0.00781762736815451 0.09686408337251347
7 0.0 1.413565803780758 0.007853964504535637 0.0968608118768269
8 0.0 1.4135664189395432 0.007845496148760496 0.09686123893447247
9 0.0 1.4135658538541882 0.007885197208115532 0.09685870609866688
10 0.0 1.4135673190771505 0.00779551480275589 0.09686543136218814
11 0.0 1.4135656299482215 0.007840290278014543 0.09686256158449033
