2 0.0 1.4139324022234345 0.01765997139432541 0.13571501829873853
3 0.0 1.413931609150729 0.017657238651713095 0.13571865018455506
4 0.0 1.4139336939128995 0.01742446145944377 0.13574491311498676
5 0.0 1.4139304994301458 0.017487443108077694 0.13574196146590548
6 0.0 1.413922197399229 0.017967833265574086 0.1357011154879429
7 0.0 1.413931765640616 0.017502926909980964 0.13573960365856932
8 0.0 1.413932746018947 0.017216997362601842 0.1357741556565131
9 0.0 1.413930977077326 0.017540219390365496 0.13573632925684798
10 0.0 1.4139336117323658 0.01744850651512412 0.13573952469347336
11 0.0 1.413929584104368 0.017829166073939074 0.13570497826986452
