2 0.0 0.7026761138301576 0.0034018356335691535 0.04645302133777841
3 0.0 0.7026659650765226 0.003390767708002775 0.046420515094412106
4 0.0 0.7026702516232444 0.0033924476203068127 0.046429449567547396
5 0.0 0.7026634978311019 0.003392300434682316 0.04642477664146486
6 0.0 0.7026533063510823 0.003391848595516798 0.046422984796497056
7 0.0 0.7026740584532397 0.003391068278248483 0.04641566125228987
8 0.0 0.7026630312334047 0.003407395435126686 0.04641089548705255
9 0.0 0.7026785533858995 0.0033971481244357516 0.046432093124990755
10 0.0 0.7026663117835577 0.0033933443981197745 0.04642400634170802
11 0.0 0.7026656634306611 0.0033975318026905773 0.04642378819774213
