2 0.0 0.9993348701973993 0.004747864381147488 0.06236767528859014
3 0.0 0.9993347065495894 0.004745741112539437 0.062346269522255464
4 0.0 0.9993351335289117 0.004767357156568628 0.06235412038789592
5 0.0 0.9993355692981761 0.00476507714428975 0.06236794037845344
6 0.0 0.9993348617364218 0.004740065431185036 0.06236086632755261
7 0.0 0.9993347456518646 0.004754489618520493 0.062368639084373886
8 0.0 0.9993351857473308 0.00476606326712736 0.062348583316569374
9 0.0 0.9993355274172637 0.004786557018974876 0.06236052822860777
10 0.0 0.9993364483848659 0.004760950635449633 0.062346532460339006
11 0.0 0.99933497188408 0.004783524639868776 0.06238257527064638
