2 0.0 0.705774420204467 0.006759169934340781 0.06185426981665908
3 0.0 0.7056697580275891 0.006620707046670744 0.062007862948735455
4 0.0 0.7051520690694932 0.006644922088407376 0.0619438501772589
5 0.0 0.7059348118307448 0.006513246622069844 0.06193858127972927
6 0.0 0.7057803513715344 0.006651100592260694 0.06189139170574387
7 0.0 0.7064129408235945 0.006645734349948435 0.061958677076236035
8 0.0 0.705790887821687 0.00656342463018079 0.061939846287700766
9 0.0 0.7057870468163101 0.006480798106916802 0.06193034419910436
10 0.0 0.7052469628930795 0.006633139495127479 0.061978163589833324
11 0.0 0.7059907806208635 0.006579606717605806 0.06190817709882702
