2 0.0 0.9992813614263949 0.002811282808260629 0.048588660688017815
3 0.0 0.9992804103918155 0.0028099074456636422 0.04858869416685495
4 0.0 0.9992815059600886 0.002808711822549877 0.04858843006057869
5 0.0 0.999281693411439 0.0028124284854910736 0.0485885927954786
6 0.0 0.9992829625749217 0.0028128954644706734 0.04858854478442738
7 0.0 0.9992823966976188 0.0028081859520507108 0.048588485598607165
8 0.0 0.9992803869210183 0.0028073313315013612 0.04858872514881228
9 0.0 0.999283987437351 0.002807910044617339 0.04858863375220358
10 0.0 0.9992829466702114 0.0028098942334080375 0.04858824876298444
11 0.0 0.9992826439709455 0.002810421565641033 0.048588724728978766
