2 0.7077602346339119 0.7077602346339119 0.7077602346339119 0.3538801173169559
3 0.7077574706040757 0.9998261667856868 0.8052222380255446 0.39586443786670517
4 0.7075150554055195 0.9998373187488955 0.8537491215038253 0.39069763030746923
5 0.7065993311838669 0.9998413474432527 0.8826525918688889 0.3755203876338709
6 0.7066861855552606 0.99983470162868 0.901982321107557 0.35885811545764956
7 0.06887308638608745 0.999841581179704 0.8163866336202074 0.35050359858077973
8 0.04304340618166619 0.9998158801525848 0.7429641011966227 0.3534706635923913
9 0.03834385270407689 0.9998346676807865 0.692601514952272 0.3496334405576152
10 0.021680892257324943 0.9998262233727041 0.6398677712367814 0.35452930134970745
11 0.008603730099322748 0.9998281015812059 0.5937426204323374 0.3577303282812191
