2 0.707898529135262 0.707898529135262 0.707898529135262 0.353949264567631
3 0.7075776196355036 0.9993349498063453 0.8049382443280163 0.39570211818080336
4 0.6950036389083396 0.9993352579025387 0.8485067143161582 0.38831011883807603
5 0.012149506194192817 0.9993344046032712 0.7208641393235332 0.3759931514021714
6 0.009996048314724601 0.9993374252574958 0.6272666307343472 0.36752220715106787
7 0.006807943244393827 0.9993355328945902 0.552493702332286 0.36919867784574156
8 0.006695454204660962 0.999334532305679 0.4933211214379739 0.36799567487406004
9 0.0065969476203623385 0.9993367655703482 0.4452652800505802 0.3658533110396169
10 0.0034672881894865005 0.9993358176400502 0.4063263172636447 0.3624315274037786
11 0.0035495879037475563 0.9993380074073733 0.37306401931858785 0.35872980173593616
