2 0.7078416446342415 0.7078416446342415 0.7078416446342415 0.35392082231712074
3 0.7075782440767878 0.9992814028358475 0.8049017222386774 0.3956828158806363
4 0.002585937274515925 0.9992797390806136 0.6387732064706246 0.38173114212400644
5 0.002543218547724976 0.9992825202324469 0.5256243766827993 0.3778336136747434
6 0.0024991329716261847 0.9992818115559261 0.44657813317054024 0.3736169148756768
7 0.001015205737867751 0.9992823645681727 0.38711245119924553 0.36759331756072977
8 0.001015634850098556 0.9992802571018846 0.34190521455647765 0.35974813459423743
9 0.0006081814570742757 0.9992796894015806 0.30586066115414945 0.3518962253631869
10 0.00039038036619369983 0.9992813862097377 0.27675612830417007 0.3437796524034641
11 0.0003901139271425077 0.9992795336234027 0.2526882014500741 0.33569227498371673
